# evolve: q=0.2 e0=0.5 Vx0=0 Vy0=0 varpi0=0 xi=[0.510826,3] chandrasekhar=integral
xi a_over_ah e sig_e Vx sig_Vx Vy sig_Vy varpi sig_varpi t sig_t x sig_x y sig_y C_xx C_xy C_yy C_VxVx C_VxVy C_VyVy
5.108260000000000e-01 5.999997742596369e-01 5.000000000000000e-01 0.000000000000000e+00 0.000000000000000e+00 0.000000000000000e+00 0.000000000000000e+00 0.000000000000000e+00 0.000000000000000e+00 0.000000000000000e+00 0.000000000000000e+00 0.000000000000000e+00 0.000000000000000e+00 0.000000000000000e+00 0.000000000000000e+00 0.000000000000000e+00 0.000000000000000e+00 0.000000000000000e+00 0.000000000000000e+00 0.000000000000000e+00 0.000000000000000e+00 0.000000000000000e+00
5.163092532631347e-01 5.967188268926534e-01 5.004019205594815e-01 1.665577301056113e-05 -2.288100014588686e-04 9.308239752922096e-06 -8.889697409635882e-05 9.245583327418870e-06 -9.996760805310220e-03 3.342375895999128e-04 5.943016654834952e-04 1.092616642093573e-06 -6.803772977435016e-08 2.800808865577995e-09 -2.659551481819825e-08 2.779554586952765e-09 7.844530301500295e-18 5.803201900891752e-21 7.725923701850154e-18 8.664332729787920e-11 -3.623122974466047e-15 8.548081106424577e-11
5.437255195788080e-01 5.805812514588288e-01 5.024300677709135e-01 8.860082481600318e-05 -1.375180156419565e-03 4.836348802443175e-05 -4.862181840971290e-04 4.805601056805043e-05 -5.988247508510291e-02 1.745854097590885e-03 3.611115749847958e-03 5.880692476562747e-06 -2.494011017891701e-06 9.267746302069652e-08 -9.162267345348369e-07 9.198841110666588e-08 8.589112151952573e-15 3.426603082298472e-18 8.461867777928971e-15 2.339026973889353e-09 -1.106863060243708e-12 2.309380151716575e-09
5.988779208946264e-01 5.494277917867395e-01 5.066100350651407e-01 2.111317134226489e-04 -3.681013258652621e-03 1.105089759323141e-04 -1.056796609618597e-03 1.099832191751621e-04 -1.597218530364955e-01 3.471627524776395e-03 9.913195385922446e-03 1.437903165291797e-05 -1.849201964805869e-05 5.897466707169920e-07 -5.949156394618023e-06 5.856004531934157e-07 3.478011356217762e-13 -1.653399722637980e-16 3.429278907803339e-13 1.221223376160877e-08 -2.557318448578484e-11 1.209630850013175e-08
6.174842994525158e-01 5.392994483969291e-01 5.080527451290480e-01 2.546430474220838e-04 -4.455088343138597e-03 1.317453410589063e-04 -1.184233708473211e-03 1.312011329938216e-04 -1.932395515076442e-01 3.798475968109697e-03 1.211103059350505e-02 1.750415125852081e-05 -2.743583886011445e-05 8.463263953725023e-07 -8.418008282193177e-06 8.405176864657622e-07 7.162683675042131e-13 -5.758379977953217e-16 7.064699812617572e-13 1.735683489072753e-08 -4.500709777481441e-11 1.721373729886247e-08
6.311432255436650e-01 5.319832763623751e-01 5.091230207226876e-01 2.881721967736713e-04 -5.021205241842274e-03 1.478605610016286e-04 -1.258130503727316e-03 1.473154656090251e-04 -2.177884605774276e-01 3.981394630292001e-03 1.374786283949726e-02 1.994090099879049e-05 -3.519260190402429e-05 1.065062329150987e-06 -1.041922589525309e-05 1.057898767784846e-06 1.134357764976525e-12 -1.188418165463583e-15 1.119149802880697e-12 2.186274549971633e-08 -6.289472460081720e-11 2.170184640760386e-08
6.579754894540136e-01 5.178987653787696e-01 5.112554925757663e-01 3.558686237131275e-04 -6.127043023318492e-03 1.790980460525899e-04 -1.358600085693509e-03 1.785994110490459e-04 -2.658584282970851e-01 4.247050413615819e-03 1.702117923218690e-02 2.488000951167527e-05 -5.344778134887564e-05 1.573927827324075e-06 -1.471736905302900e-05 1.563910796102333e-06 2.477248805625082e-12 -3.773238748411986e-15 2.445816978165433e-12 3.207611009985560e-08 -9.861832726136367e-11 3.189774962706606e-08
6.889669569329956e-01 5.020944864744307e-01 5.137753516230832e-01 4.251868169415125e-04 -7.393164910773148e-03 2.074376084310764e-04 -1.411903784045865e-03 2.071942205615768e-04 -3.210660875400910e-01 4.474479383501115e-03 2.089645889326733e-02 2.993186552100912e-05 -7.965998742307014e-05 2.286645471489004e-06 -2.010694048036195e-05 2.273685890150241e-06 5.228747512281171e-12 -1.056070654998300e-14 5.169647527068292e-12 4.303036139160456e-08 -1.138642174817748e-10 4.292944503411933e-08
7.329785543361322e-01 4.804757335540121e-01 5.174614461553388e-01 4.969984258256908e-04 -9.165764941582721e-03 2.303200948281029e-04 -1.377193378660226e-03 2.309154753335802e-04 -3.988633260450778e-01 4.716644813141635e-03 2.657764830142555e-02 3.529293975367025e-05 -1.267444788794539e-04 3.470926998857412e-06 -2.809068732513855e-05 3.456357672327204e-06 1.204733423139732e-11 -2.921557829125412e-14 1.194640835905513e-11 5.304734608162632e-08 -5.488092009881697e-11 5.332195674853330e-08
7.502229554205430e-01 4.722612477971881e-01 5.189393208013782e-01 5.179190005843384e-04 -9.850094976163206e-03 2.355641407321109e-04 -1.327311435369193e-03 2.366195302437510e-04 -4.291622152517602e-01 4.807832921826590e-03 2.886232204410738e-02 3.696363380126634e-05 -1.484701774253355e-04 3.968641564011445e-06 -3.118403637392906e-05 3.954769588318285e-06 1.575011586359921e-11 -3.855764577865828e-14 1.564020249668717e-11 5.549046439885774e-08 -9.959576691330309e-12 5.598880209277338e-08
7.623025082805618e-01 4.665908599154294e-01 5.199852905298813e-01 5.311381986953984e-04 -1.032530037206067e-02 2.388778854991410e-04 -1.279480546212327e-03 2.402814763385543e-04 -4.503322297797915e-01 4.878394228443509e-03 3.048305858264337e-02 3.808181739343304e-05 -1.648208441459587e-04 4.323652558134956e-06 -3.329790068998379e-05 4.310813716114345e-06 1.869397144346695e-11 -4.513099298734893e-14 1.858311489503957e-11 5.706264418054074e-08 2.373342558973226e-11 5.773518787143523e-08
8.069863655957545e-01 4.462007279258972e-01 5.239114280715031e-01 5.737684364455419e-04 -1.204176247083496e-02 2.511217981001936e-04 -9.910468380692546e-04 2.537907264915724e-04 -5.285064158559480e-01 5.162314204413900e-03 3.663615209632843e-02 4.212886177415842e-05 -2.337078960220373e-04 5.676064682785490e-06 -4.037247240939085e-05 5.671301915894187e-06 3.221771028316475e-11 -6.342062376106918e-14 3.216366542122507e-11 6.306215748107439e-08 7.769887496174016e-11 6.440973285312012e-08
8.505453358291449e-01 4.271819108155848e-01 5.278143311906561e-01 6.081885865819790e-04 -1.363527525638184e-02 2.578771278485331e-04 -5.221384672807471e-04 2.620335279631299e-04 -6.047778763982692e-01 5.418765097174371e-03 4.288899132379909e-02 4.560893842420365e-05 -3.140659083876353e-04 7.065565517082771e-06 -4.519408144322424e-05 7.077417138538765e-06 4.992221607618913e-11 -6.904867230886799e-14 5.008983335288223e-11 6.650061306740868e-08 1.419665762898101e-10 6.866156977680439e-08
8.713671101528647e-01 4.183791876609171e-01 5.297071390706716e-01 6.240033626035260e-04 -1.436296526813568e-02 2.605326537016227e-04 -2.279252349973070e-04 2.655043366195043e-04 -6.413172302878578e-01 5.548017367620327e-03 4.597105762905417e-02 4.725505705337277e-05 -3.572220740207788e-04 7.754483676706892e-06 -4.636042857193885e-05 7.777780103942605e-06 6.013201709231364e-11 -6.527305620053905e-14 6.049386334528543e-11 6.787726364480966e-08 1.837049069350664e-10 7.049255276376305e-08
8.798088980530079e-01 4.148621850779917e-01 5.304801963607352e-01 6.314444699665609e-04 -1.465074704917370e-02 2.619578213568081e-04 -9.515511085801185e-05 2.672801506625449e-04 -6.561401920732247e-01 5.607087710734713e-03 4.723816956796291e-02 4.797829885442389e-05 -3.756046188757579e-04 8.038029394679002e-06 -4.656586367883904e-05 8.066701165511999e-06 6.460991654972369e-11 -6.245762664600715e-14 6.507166769367264e-11 6.862190017000537e-08 1.991191198110973e-10 7.143867893819272e-08
8.889114637346894e-01 4.111030098153780e-01 5.313189498147456e-01 6.404590464834123e-04 -1.495556913335497e-02 2.636670895386825e-04 5.723583423116289e-05 2.693882250048007e-04 -6.720827097965312e-01 5.675350568172393e-03 4.861572529668926e-02 4.879070836374427e-05 -3.959977648687094e-04 8.346437192096803e-06 -4.659293891526608e-05 8.381477916861179e-06 6.966301380161677e-11 -5.885086983260022e-14 7.024917207083162e-11 6.952033410579960e-08 2.157508699976262e-10 7.257001577123710e-08
9.268957747988484e-01 3.957803969131315e-01 5.348786472150384e-01 6.771216587194915e-04 -1.615969672112802e-02 2.698119801272511e-04 7.972950336559906e-04 2.773858282889177e-04 -7.381767239595339e-01 6.013802394140588e-03 5.449165785834653e-02 5.215831366789409e-05 -4.874900473715639e-04 9.665621032294351e-06 -4.415178349440445e-05 9.734149329977773e-06 9.342422993993092e-11 -3.093352391632957e-14 9.475366317830673e-11 7.279850462018817e-08 3.868275139289590e-10 7.694289773552892e-08
9.640567244011207e-01 3.813427414420327e-01 5.384475096172849e-01 7.058556799796052e-04 -1.721952045539741e-02 2.719249299482601e-04 1.681499815584186e-03 2.816212813401948e-04 -8.026450589289104e-01 6.428802655059177e-03 6.044276316986957e-02 5.506333221642342e-05 -5.868909416623742e-04 1.100571404933383e-05 -3.683809302453046e-05 1.111985704657353e-05 1.211257417357040e-10 4.032794884504385e-14 1.236512207362310e-10 7.394316752736617e-08 7.803415668848989e-10 7.931054610369317e-08
9.721681027275970e-01 3.782620374629694e-01 5.392359892971795e-01 7.111748354141603e-04 -1.743408248419403e-02 2.723138297237784e-04 1.894856797646656e-03 2.824893633599744e-04 -8.168016088407022e-01 6.499720325003989e-03 6.176881553492594e-02 5.569462920799557e-05 -6.098680432896362e-04 1.130395774566377e-05 -3.446748766512246e-05 1.142987840800813e-05 1.277794607157520e-10 6.701967919997800e-14 1.306421204218504e-10 7.415482185883101e-08 8.970159556353732e-10 7.980024041152366e-08
9.777352058614316e-01 3.761620644954817e-01 5.397787561391256e-01 7.146945505296166e-04 -1.757776412298180e-02 2.726848918307387e-04 2.045381718248269e-03 2.831857343666416e-04 -8.265554415235051e-01 6.535886406731732e-03 6.268459234024695e-02 5.614257131793689e-05 -6.258998403527074e-04 1.150972332809639e-05 -3.266349238713449e-05 1.164410605763366e-05 1.324737310893263e-10 8.860420754233602e-14 1.355852058814209e-10 7.435705023274167e-08 9.826205864665018e-10 8.019416014877412e-08
9.833390519009492e-01 3.740600055085325e-01 5.403260309635707e-01 7.172797934353800e-04 -1.771951152158195e-02 2.731813433522996e-04 2.200222568982663e-03 2.840008215391184e-04 -8.364278249585584e-01 6.553461377330021e-03 6.361107269518217e-02 5.661012140949094e-05 -6.422512188022470e-04 1.171767863506842e-05 -3.069695494723315e-05 1.186091490040364e-05 1.373039925947389e-10 1.134070518466292e-13 1.406813022746172e-10 7.462804635576697e-08 1.068157971558464e-09 8.065646663489416e-08
9.902493348063646e-01 3.714840555688415e-01 5.410005082233234e-01 7.191020980456688e-04 -1.789074355561023e-02 2.739353954649466e-04 2.395746206266896e-03 2.851387745113990e-04 -8.487756349507423e-01 6.526594203696212e-03 6.475993105229037e-02 5.720782854521151e-05 -6.627072630700632e-04 1.197526739992536e-05 -2.805726574018818e-05 1.212987615361476e-05 1.434070292997150e-10 1.488042830242888e-13 1.471338955020319e-10 7.504060088853670e-08 1.171155113364807e-09 8.130412072986247e-08
1.021509522664147e+00 3.600510245680601e-01 5.440405352695837e-01 7.257713531313560e-04 -1.861503803156479e-02 2.774459665453376e-04 3.342941568375689e-03 2.903378942391983e-04 -9.073830439345267e-01 6.943544169263773e-03 7.004586951857626e-02 5.999281305088881e-05 -7.592368255378623e-04 1.315775310502398e-05 -1.292349126494027e-05 1.337006532691910e-05 1.731264667727683e-10 3.922258922727352e-13 1.787586468460843e-10 7.697626435227660e-08 1.684288187917872e-09 8.429609283125188e-08
1.053100088290476e+00 3.488545910031026e-01 5.470924864440960e-01 7.307738375478958e-04 -1.925684384677885e-02 2.788397224960452e-04 4.401251333556058e-03 2.933974504304831e-04 -9.712732553285441e-01 1.337629974648818e-02 7.553824392471245e-02 6.260561190236461e-05 -8.632920740574464e-04 1.438247550001678e-05 8.312027348614334e-06 1.466445073430762e-05 2.068556015085829e-10 8.274293878713834e-13 2.150461153389352e-10 7.775159084167151e-08 2.366299446342253e-09 8.608206391910778e-08
1.062809365196182e+00 3.454838553619965e-01 5.480278034726963e-01 7.326775837200801e-04 -1.943430386307899e-02 2.791432497788967e-04 4.745746115504179e-03 2.942509558644884e-04 -9.917575978028942e-01 1.674556096514744e-02 7.725744351935784e-02 6.337648037263864e-05 -8.965525869459687e-04 1.476471324606884e-05 1.617397419838682e-05 1.507041931343015e-05 2.179967572386406e-10 1.011286991015254e-12 2.271175382826083e-10 7.792095389712349e-08 2.723205830456379e-09 8.658362502716511e-08
1.074597917268180e+00 3.414350128274006e-01 5.491631884909661e-01 7.358030229406803e-04 -1.963648046084464e-02 2.800216013002757e-04 5.175288391065760e-03 2.958464995422013e-04 -1.017066240185516e+00 2.146523733894805e-02 7.936489997525065e-02 6.433316006760253e-05 -9.377255505837786e-04 1.523233973344455e-05 2.662673301732470e-05 1.556827327086879e-05 2.320241737550736e-10 1.274123948912185e-12 2.423711326364478e-10 7.841209719477055e-08 3.405067147822183e-09 8.752515129137370e-08
1.080945625175811e+00 3.392745473527919e-01 5.497749321844928e-01 7.380180066181850e-04 -1.973913404422757e-02 2.809342199573302e-04 5.411425651902097e-03 2.971637882428694e-04 -1.030860025343843e+00 2.423559217207898e-02 8.050892309083646e-02 6.487077507460851e-05 -9.602493333263422e-04 1.548575926752620e-05 3.268227162625739e-05 1.583859689299230e-05 2.398087400917737e-10 1.436842147480335e-12 2.508611515387053e-10 7.892403594303360e-08 3.949459998504005e-09 8.830631704285291e-08
1.087150631458711e+00 3.371758645584396e-01 5.503739977967098e-01 7.420615379620600e-04 -1.983515529673308e-02 2.822525739660953e-04 5.645121211748238e-03 2.988000937914405e-04 -1.044400988474496e+00 2.702353176013349e-02 8.163358353150224e-02 6.541055208572743e-05 -9.825036139200984e-04 1.573467649920507e-05 3.889962524053900e-05 1.610443136967019e-05 2.475800445346363e-10 1.611709909789263e-12 2.593527097404173e-10 7.966651551048613e-08 4.656009238605516e-09 8.928149604977366e-08
1.092784879927369e+00 3.352814737056755e-01 5.509207201488131e-01 7.476471527461842e-04 -1.991852688148823e-02 2.838443744282535e-04 5.858884917149241e-03 3.005869311441767e-04 -1.056621555448068e+00 2.949431578752266e-02 8.266041192926381e-02 6.590886695015857e-05 -1.002914067246617e-03 1.596181930284903e-05 4.480592699185807e-05 1.634724442701260e-05 2.547796754568040e-10 1.786511598248021e-12 2.672324003564945e-10 8.056762889456657e-08 5.479933147727753e-09 9.035250317467400e-08
1.120956122270655e+00 3.259679803349823e-01 5.537024869538898e-01 7.793266272332192e-04 -2.028163987065600e-02 2.979162130539390e-04 6.943592005294813e-03 3.151464175832551e-04 -1.116044933373062e+00 4.036748744616348e-02 8.787648962117654e-02 6.846558618303134e-05 -1.107800333755439e-03 1.711679152975521e-05 7.819805232122587e-05 1.758512576556647e-05 2.929845522730997e-10 3.048783214186666e-12 3.092366481907897e-10 8.875407000040000e-08 1.320294529540570e-08 9.931726451555938e-08
1.156590507012780e+00 3.145568339728533e-01 5.573544719119388e-01 8.215490771017267e-04 -2.061933243794335e-02 3.327826364921263e-04 8.335744714919009e-03 3.466101786421661e-04 -1.185856810109422e+00 4.883433525641961e-02 9.467601384753040e-02 7.141120371222501e-05 -1.246933888268130e-03 1.865129149234020e-05 1.301638510206649e-04 1.923245990390452e-05 3.478706743322419e-10 6.694158377399030e-12 3.698875139552952e-10 1.107442831506506e-07 3.521616224636585e-08 1.201386159383543e-07
1.168070181798901e+00 3.109664713437231e-01 5.585646630803862e-01 8.344670771272976e-04 -2.070139385954079e-02 3.485268383949933e-04 8.786128781614085e-03 3.595386747555367e-04 -1.206908819937725e+00 5.006411654497357e-02 9.691581810794522e-02 7.230393916606506e-05 -1.293211539516078e-03 1.917383814963488e-05 1.493394675254653e-04 1.979120609939065e-05 3.676360693883940e-10 8.839061350569806e-12 3.916918388685576e-10 1.214709570816098e-07 4.560335476097025e-08 1.292680586449676e-07
1.175335663928674e+00 3.087153376914616e-01 5.593388598228000e-01 8.423550320071260e-04 -2.074701259519170e-02 3.595896285901234e-04 9.071537077350063e-03 3.683099836082602e-04 -1.219880238394828e+00 5.046254312595513e-02 9.834601637223307e-02 7.288178135571087e-05 -1.322851870529283e-03 1.951433469326713e-05 1.621096646491420e-04 2.015385763309675e-05 3.808092585208491e-10 1.056954732602059e-11 4.061779774951321e-10 1.293047009895829e-07 5.293836878577711e-08 1.356522440255169e-07
1.180369429174450e+00 3.071652418362025e-01 5.598788684817469e-01 8.476721501092595e-04 -2.077581777349688e-02 3.677185468846357e-04 9.269487986677642e-03 3.746185756091762e-04 -1.228715570377153e+00 5.057186317268489e-02 9.934267775079905e-02 7.329540334833506e-05 -1.343544171211422e-03 1.975532164099550e-05 1.712496220093713e-04 2.040964935233294e-05 3.902727331391853e-10 1.196943888210860e-11 4.165537866851843e-10 1.352169297229480e-07 5.833191486551051e-08 1.403390771914481e-07
1.184964430120928e+00 3.057570550467630e-01 5.603739401379582e-01 8.503934416431686e-04 -2.080016519370508e-02 3.754568916971233e-04 9.450634744753598e-03 3.805474246203817e-04 -1.236701364648343e+00 5.057309092648376e-02 1.002565783423366e-01 7.369033939646390e-05 -1.362542473630703e-03 1.997921548035272e-05 1.798037692362209e-04 2.064656792220320e-05 3.991690512103656e-10 1.341148352185674e-11 4.262807669661501e-10 1.409678775228654e-07 6.343609423642134e-08 1.448163423852051e-07
1.189156178717645e+00 3.044780807823352e-01 5.608264612360759e-01 8.525891389662034e-04 -2.082081156328696e-02 3.827632470202170e-04 9.616876678477665e-03 3.860422384823404e-04 -1.243976524023346e+00 5.054391861276823e-02 1.010936459873902e-01 7.406102437153984e-05 -1.379962370112924e-03 2.018699515192181e-05 1.877841433366251e-04 2.086577836418835e-05 4.075147732637145e-10 1.487315690062192e-11 4.353807067434308e-10 1.465077032694597e-07 6.825438614753654e-08 1.490286098924562e-07
1.210114921701227e+00 2.981630120603039e-01 5.630994098898133e-01 8.620132226675387e-04 -2.090106798844447e-02 4.219177438625316e-04 1.046392377622937e-02 4.137564858817915e-04 -1.280382340877424e+00 5.011848981674150e-02 1.053274100549643e-01 7.597702088757259e-05 -1.468296941710140e-03 2.128494656904119e-05 2.302888763078608e-04 2.201126547642997e-05 4.530489504469384e-10 2.468908820085892e-11 4.844958078738779e-10 1.780145825860488e-07 9.447076385149727e-08 1.711944296092491e-07
1.244042576668914e+00 2.882167214881916e-01 5.668050840469548e-01 8.720752518946263e-04 -2.094236546932504e-02 4.906155571919513e-04 1.189692930112531e-02 4.552280916186342e-04 -1.340195395303441e+00 4.918726337425798e-02 1.123538019692683e-01 7.891186743719953e-05 -1.615370416781087e-03 2.333444024485788e-05 3.088264449907984e-04 2.407329238774058e-05 5.444961015408432e-10 5.281396298169935e-11 5.795234063856486e-10 2.407036249587689e-07 1.429573771656203e-07 2.072326153987436e-07
1.256194837682103e+00 2.847354322701416e-01 5.681385284347266e-01 8.748405806171781e-04 -2.092690043001514e-02 5.164484292564864e-04 1.242919385463796e-02 4.685770235511863e-04 -1.362045766159027e+00 4.897333968162678e-02 1.149232016245135e-01 7.990687096480709e-05 -1.669163533195184e-03 2.417298445224960e-05 3.400773847121632e-04 2.488341535319110e-05 5.843331773287011e-10 6.787551554724561e-11 6.191843596394263e-10 2.667189800814920e-07 1.617307295858056e-07 2.195644270000890e-07
1.272904321386769e+00 2.800171797663350e-01 5.699775632046546e-01 8.790995742754859e-04 -2.087584118418958e-02 5.533627484403536e-04 1.317603239458785e-02 4.858859755599246e-04 -1.392486458574332e+00 4.887527028039493e-02 1.185021895962595e-01 8.134431431078061e-05 -1.743979818665590e-03 2.543470152351593e-05 3.858962426736903e-04 2.606392277767542e-05 6.469240415903438e-10 9.408101286587726e-11 6.793280705606277e-10 3.062103313614620e-07 1.885052571197030e-07 2.360851812458197e-07
1.307084684288977e+00 2.706078147584619e-01 5.737829016880718e-01 8.989391275006219e-04 -2.063498831133816e-02 6.325205824143741e-04 1.472830462994737e-02 5.157377833540331e-04 -1.454743393955968e+00 4.895676479389655e-02 1.259918811674310e-01 8.469329036585850e-05 -1.899552210846942e-03 2.847583521283608e-05 4.904165942032930e-04 2.872672225305913e-05 8.108731910685951e-10 1.724719577680356e-10 8.252245714044026e-10 4.000822871778191e-07 2.452271690906473e-07 2.659854611789316e-07
1.340847691783313e+00 2.616237982107049e-01 5.776222287248201e-01 9.208948160476034e-04 -2.019688051236499e-02 7.116184740763440e-04 1.625703417181098e-02 5.340876307744576e-04 -1.514999863349400e+00 4.903174898465133e-02 1.336193123694856e-01 8.777446591576755e-05 -2.055391224581837e-03 3.219946760139155e-05 6.086271719797149e-04 3.168068676442492e-05 1.036805713813064e-09 2.919512199063034e-10 1.003665913865608e-09 5.064008526467442e-07 2.992336814763940e-07 2.852495973462733e-07
1.356178518486614e+00 2.576434778586424e-01 5.793948754374678e-01 9.311444400458729e-04 -1.993378135742720e-02 7.475472608237025e-04 1.694302784173779e-02 5.389747260358281e-04 -1.541929454079995e+00 4.905667319338937e-02 1.371608365150629e-01 8.909540960093227e-05 -2.126463349752243e-03 3.415747713859040e-05 6.674213650361308e-04 3.312076140039425e-05 1.166733244473325e-09 3.630983088392993e-10 1.096984835741846e-09 5.588269071650206e-07 3.220214685819126e-07 2.904937553053959e-07
1.368699020786070e+00 2.544377625625550e-01 5.808573326735558e-01 9.407182019040322e-04 -1.969233956704459e-02 7.770853403685495e-04 1.749836780864934e-02 5.419002861478381e-04 -1.563795943765947e+00 4.907005144372693e-02 1.400907652620107e-01 9.019129198961023e-05 -2.184518350232840e-03 3.588943167420066e-05 7.178793507677749e-04 3.433880038422849e-05 1.288051305897118e-09 4.300870909115394e-10 1.179153211827891e-09 6.038616262157043e-07 3.395580864046934e-07 2.936559201271087e-07
1.386435612138672e+00 2.499646897391684e-01 5.829556579759398e-01 9.558317461703709e-04 -1.932078021716941e-02 8.190758242657441e-04 1.827917206566079e-02 5.446673394595718e-04 -1.594918587248402e+00 4.908142433577178e-02 1.443021558615316e-01 9.174378463913819e-05 -2.266677222037149e-03 3.855760736544692e-05 7.932229074177028e-04 3.612505807242465e-05 1.486689085747967e-09 5.399190650096710e-10 1.305019820736054e-09 6.708852058966081e-07 3.629195578682565e-07 2.966625106739684e-07
1.419609094325591e+00 2.418085227480590e-01 5.869616964699655e-01 9.802786898207392e-04 -1.854216002626763e-02 8.966417240607640e-04 1.972483072711456e-02 5.439292960228714e-04 -1.653953956981326e+00 4.910524627486686e-02 1.523770624333228e-01 9.442951317107615e-05 -2.419602199126679e-03 4.425730897010999e-05 9.467047780144727e-04 3.963599011908382e-05 1.958709397275778e-09 7.981624566208711e-10 1.571011712720110e-09 8.039663813266593e-07 4.016737376369872e-07 2.958590790719365e-07
1.432374568622138e+00 2.387413409330781e-01 5.885279913137800e-01 9.871989186548853e-04 -1.821354972199865e-02 9.261989794416544e-04 2.027756213713662e-02 5.416507151025729e-04 -1.677003366524499e+00 4.912297119922304e-02 1.555549455412599e-01 9.539943840482184e-05 -2.478008209073625e-03 4.670666447018349e-05 1.010268450855427e-03 4.103759590689742e-05 2.181512505930301e-09 9.178623227061074e-10 1.684084277817804e-09 8.578445495187623e-07 4.145949053364131e-07 2.933854971711286e-07
1.440889602351936e+00 2.367170809143722e-01 5.895788107638583e-01 9.908930561643983e-04 -1.798482400420770e-02 9.459322268688643e-04 2.064556012182076e-02 5.396842624002346e-04 -1.692477125036284e+00 4.913991244933905e-02 1.576968593993609e-01 9.607761774119192e-05 -2.516776174860075e-03 4.842170824251503e-05 1.054095980845625e-03 4.198551169187831e-05 2.344661829123248e-09 1.004493995674178e-09 1.762783192028851e-09 8.947877778290886e-07 4.225070648127330e-07 2.912591030824852e-07
1.449301470380639e+00 2.347341996297196e-01 5.906198807523512e-01 9.917833084532974e-04 -1.775043120629952e-02 9.654524070293906e-04 2.100896387922245e-02 5.374966334225195e-04 -1.707820787864749e+00 4.916213376382144e-02 1.598301999189046e-01 9.682103415384643e-05 -2.554895342622534e-03 5.018032325621820e-05 1.098528022799337e-03 4.293055462055631e-05 2.518064842098553e-09 1.095630820286434e-09 1.843032520028569e-09 9.320983502388440e-07 4.297196842981204e-07 2.889026309405423e-07
1.460231431447186e+00 2.321825341714766e-01 5.919704910727290e-01 9.888706917681827e-04 -1.742963797562465e-02 9.908923119072031e-04 2.148259860977520e-02 5.340862407509174e-04 -1.727749642127240e+00 4.919629469845636e-02 1.626272888525834e-01 9.788463776704550e-05 -2.604099907321588e-03 5.256125307388114e-05 1.157955093438241e-03 4.416908031031151e-05 2.762685324696579e-09 1.222539060775393e-09 1.950907655458748e-09 9.818675737968019e-07 4.380326309372293e-07 2.852481125594469e-07
1.492861540869613e+00 2.247286643177587e-01 5.959736743960602e-01 9.758823665591636e-04 -1.635570450245980e-02 1.066817183331802e-03 2.290114194327240e-02 5.176370086799725e-04 -1.786970340997586e+00 4.930016451766216e-02 1.711475034784951e-01 1.010560062940611e-04 -2.748131415024752e-03 6.032978772942405e-05 1.347064967854002e-03 4.791238882208370e-05 3.639683287477365e-09 1.661014899592357e-09 2.295597002638531e-09 1.138098902652000e-06 4.543588065183797e-07 2.679480727551499e-07
1.525836997063827e+00 2.174389848870947e-01 5.999715404904864e-01 9.640470707821650e-04 -1.509365904276186e-02 1.142373939999969e-03 2.431555568474877e-02 4.910739115738228e-04 -1.846207977850096e+00 4.937808528480068e-02 1.800219697407039e-01 1.041200021194189e-04 -2.887778455259302e-03 6.921515302655551e-05 1.556638471417656e-03 5.169508859847779e-05 4.790737408489495e-09 2.199156618323668e-09 2.672382185204469e-09 1.305018218791054e-06 4.553449851703582e-07 2.411535866284147e-07
1.559886459103629e+00 2.101599315931883e-01 6.041166008120343e-01 9.794429709641922e-04 -1.363932486851514e-02 1.216857420706440e-03 2.568482477495333e-02 4.558290347836283e-04 -1.907180499519658e+00 4.943561673189851e-02 1.894836939578435e-01 1.074874301787856e-04 -3.023768882834075e-03 7.951795400502024e-05 1.793329566756985e-03 5.550665809780583e-05 6.323105009144514e-09 2.857228703548098e-09 3.080989093186713e-09 1.480741982328331e-06 4.377968387997266e-07 2.077801089517743e-07
1.592550476320620e+00 2.034061669876597e-01 6.081797401286915e-01 1.000083648747297e-03 -1.213978914767038e-02 1.280653130558112e-03 2.685305309035522e-02 4.155981692090050e-04 -1.966035896769517e+00 4.948044850300456e-02 1.988655222301336e-01 1.105328491174166e-04 -3.144730394699809e-03 9.048370817092765e-05 2.039929439691853e-03 5.897973824070582e-05 8.187301444361601e-09 3.583921690647871e-09 3.478609522942176e-09 1.640072440808293e-06 4.036829824894834e-07 1.727218382498767e-07
1.603905197775388e+00 2.011096096780941e-01 6.096144851243809e-01 1.007036528797257e-03 -1.159796102199814e-02 1.301027294192883e-03 2.722292860017131e-02 4.009223380806920e-04 -1.986580019430960e+00 4.949415796891637e-02 2.021984711360999e-01 1.116145611850136e-04 -3.184289845128785e-03 9.453888904053705e-05 2.130052032142629e-03 6.012885478972525e-05 8.937601541018976e-09 3.856896627325116e-09 3.615479178323865e-09 1.692672020234854e-06 3.879828200807239e-07 1.607387211720887e-07
1.612575945448649e+00 1.993733770929846e-01 6.107168854470962e-01 1.010705992062132e-03 -1.117731563820733e-02 1.316047360223619e-03 2.749332935256295e-02 3.899688492998336e-04 -2.002280463241019e+00 4.950545833902258e-02 2.047683887895516e-01 1.125246977261182e-04 -3.213555831493689e-03 9.771776085604359e-05 2.200362567481083e-03 6.098141203181952e-05 9.548760786718925e-09 4.071889533911244e-09 3.718732613394542e-09 1.731980654351556e-06 3.746654444351131e-07 1.520757034242363e-07
1.621089881921249e+00 1.976831303628090e-01 6.118022189788912e-01 1.012466056060733e-03 -1.075765270041954e-02 1.330405035246423e-03 2.775060958795055e-02 3.794177155850418e-04 -2.017670259834675e+00 4.951765052585575e-02 2.073118405624174e-01 1.134886949998327e-04 -3.241451794776683e-03 1.009064583216501e-04 2.270619818439254e-03 6.179558451219140e-05 1.018211333101890e-08 4.288117390739112e-09 3.818694265203390e-09 1.769977557809036e-06 3.604272854692764e-07 1.439578028997717e-07
1.659530480173512e+00 1.902282750837083e-01 6.167307766877376e-01 1.018058556170826e-03 -8.786138235611224e-03 1.389993819935473e-03 2.881698030432273e-02 3.307938864929406e-04 -2.086668643595317e+00 4.957106614792964e-02 2.190425482271157e-01 1.178509766578996e-04 -3.356133676528285e-03 1.161202210742276e-04 2.602594295864846e-03 6.516679339990160e-05 1.348390574232748e-08 5.316510305702074e-09 4.246710962025459e-09 1.932082819458809e-06 2.823838675024388e-07 1.094245953411045e-07
1.674839230048947e+00 1.873382954296089e-01 6.187061287278496e-01 1.019996172501587e-03 -7.969888232575731e-03 1.411382457179091e-03 2.919964515856135e-02 3.116341949058192e-04 -2.113891728492530e+00 4.959045990489824e-02 2.238283160449243e-01 1.195184808597398e-04 -3.396230721853495e-03 1.225447560289478e-04 2.741432907341361e-03 6.635311935114367e-05 1.501721723019433e-08 5.743622716253109e-09 4.402736447627116e-09 1.992000440432889e-06 2.453549769689417e-07 9.711587143459808e-08
1.682611674071152e+00 1.858878630193437e-01 6.197121626875794e-01 1.021255334108676e-03 -7.549696651375303e-03 1.421820101836736e-03 2.938481853234053e-02 3.025589883962132e-04 -2.127658028738121e+00 4.960034121542709e-02 2.262835382111724e-01 1.204030705899721e-04 -3.415282876737303e-03 1.258850942603703e-04 2.813353374417162e-03 6.691787222570694e-05 1.584705695694233e-08 5.962752661638949e-09 4.478001623216041e-09 2.021572401987025e-06 2.253519748603329e-07 9.154194145933986e-08
1.689720749612624e+00 1.845710583367005e-01 6.206348095191484e-01 1.023623503907384e-03 -7.162576187426176e-03 1.431160938788602e-03 2.954861268069234e-02 2.948477909615260e-04 -2.140224347968276e+00 4.960914599230352e-02 2.285445835332421e-01 1.212235802314264e-04 -3.431915284386829e-03 1.289866378261974e-04 2.879980240409003e-03 6.741215322751961e-05 1.663755273770662e-08 6.163983556639364e-09 4.544398402770582e-09 2.048221632714271e-06 2.063821765029990e-07 8.693521983489177e-08
1.696348256597948e+00 1.833518569537911e-01 6.214984760422869e-01 1.027060932076729e-03 -6.800304440678266e-03 1.439660884768864e-03 2.969604293776504e-02 2.881761416968238e-04 -2.151935587888806e+00 4.961698816337080e-02 2.306663052214123e-01 1.219807701762272e-04 -3.446727765827917e-03 1.319184396312157e-04 2.942831648001857e-03 6.785350244634694e-05 1.740247471473470e-08 6.351973540022817e-09 4.604097794236411e-09 2.072623463133467e-06 1.881916940931378e-07 8.304548864326784e-08
1.726837452301325e+00 1.778459678814346e-01 6.255170585011927e-01 1.042849198520585e-03 -5.120045765794637e-03 1.475200965175103e-03 3.030704384341206e-02 2.633354742945326e-04 -2.205811721931331e+00 4.965188508798017e-02 2.406029696859689e-01 1.254126461227676e-04 -3.505928639545963e-03 1.459012797135479e-04 3.241054273012344e-03 6.961964859247203e-05 2.128718342205094e-08 7.213453853077940e-09 4.846895470139294e-09 2.176217887653556e-06 9.897445348230785e-08 6.934557202192643e-08
1.756265287897140e+00 1.726886032005840e-01 6.294600872564450e-01 1.053873683249314e-03 -3.476884243516776e-03 1.503398571395329e-03 3.078800776151234e-02 2.503821484344796e-04 -2.257827520368071e+00 4.968206503718225e-02 2.504743056161436e-01 1.284540469594533e-04 -3.548342159528613e-03 1.601489715713585e-04 3.542700791706778e-03 7.088552727177799e-05 2.564769309536379e-08 8.016071615219086e-09 5.024757976597981e-09 2.260207264473515e-06 5.068872192984085e-09 6.269122025466576e-08
1.766474293258144e+00 1.709345929090666e-01 6.308383563875439e-01 1.054677865724584e-03 -2.899285238640626e-03 1.511796429810903e-03 3.092852907092911e-02 2.502645931236312e-04 -2.275846391608401e+00 4.969440290824027e-02 2.539640661981036e-01 1.296747953075394e-04 -3.559468380627729e-03 1.652571153106228e-04 3.650393330502724e-03 7.121625249648550e-05 2.730991416078848e-08 8.281378824328227e-09 5.071754619643177e-09 2.285528445188993e-06 -2.914620986383622e-08 6.263236657133666e-08
1.775964524996389e+00 1.693200572865574e-01 6.321194258460366e-01 1.053093863838708e-03 -2.354506717490764e-03 1.518877351769716e-03 3.104589329142162e-02 2.524057590718604e-04 -2.292520793743624e+00 4.970774097738697e-02 2.572375226424126e-01 1.309414216123934e-04 -3.568068324085816e-03 1.700776233364914e-04 3.751832451321161e-03 7.147036249983659e-05 2.892639795978944e-08 8.519464646524554e-09 5.108012715858048e-09 2.306988409718985e-06 -6.190595315728127e-08 6.370866721264204e-08
1.802570198488023e+00 1.648745827771906e-01 6.357032016510975e-01 1.046402313401679e-03 -7.839620745272611e-04 1.534895364110889e-03 3.130328352457709e-02 2.681687940655729e-04 -2.338833996557651e+00 4.974476861850027e-02 2.665668294736105e-01 1.344933212926557e-04 -3.582727840085594e-03 1.839467929825292e-04 4.042758306869491e-03 7.190547823553708e-05 3.383642264855747e-08 9.128159553245931e-09 5.170397800281296e-09 2.355903778769100e-06 -1.592967265072186e-07 7.191450211058363e-08
1.829246811889746e+00 1.605344348792634e-01 6.392821368608002e-01 1.039012355371670e-03 8.497203655900037e-04 1.545134139705528e-03 3.145101460003000e-02 2.982064129074837e-04 -2.384734579632124e+00 4.977794362354148e-02 2.761519703299861e-01 1.377959136968720e-04 -3.582422701324746e-03 1.983495583321631e-04 4.343605030086614e-03 7.191697843712844e-05 3.934254729056417e-08 9.618947007651589e-09 5.172051787526397e-09 2.387439509683542e-06 -2.642145355159066e-07 8.892706469914866e-08
1.832958546283044e+00 1.599396781683119e-01 6.397791913900643e-01 1.038204459209348e-03 1.080895154400105e-03 1.546146389789635e-03 3.146270456964071e-02 3.036944985010507e-04 -2.391095478807895e+00 4.978244216380086e-02 2.775045023982800e-01 1.382680027954630e-04 -3.581117092064961e-03 2.003908921940616e-04 4.386151688798771e-03 7.188441320683651e-05 4.015650967433202e-08 9.675198184159914e-09 5.167368862091212e-09 2.390568658659521e-06 -2.792748528094312e-07 9.223034841980469e-08
1.837321025394036e+00 1.592434643764954e-01 6.403633049068579e-01 1.037734861904463e-03 1.353388323522664e-03 1.547248639009036e-03 3.147377059928192e-02 3.106201968011178e-04 -2.398572299830171e+00 4.978698507259348e-02 2.791002334813851e-01 1.388072853729146e-04 -3.579174747268876e-03 2.028014871908479e-04 4.436366897691284e-03 7.183622904678671e-05 4.112844320681963e-08 9.736998622503640e-09 5.160443803662403e-09 2.393978350915314e-06 -2.971352850716329e-07 9.648490666076518e-08
1.841989657471905e+00 1.585017479782126e-01 6.409887205235955e-01 1.037824906338031e-03 1.645031349557437e-03 1.548333603757927e-03 3.148274254042920e-02 3.185200487000422e-04 -2.406593356262069e+00 4.979089193187464e-02 2.808154908892082e-01 1.393618900386595e-04 -3.576603013059730e-03 2.053951182382937e-04 4.490360633885343e-03 7.177304186748159e-05 4.218715459612267e-08 9.797731698281134e-09 5.151369538911265e-09 2.397336948526011e-06 -3.163709023230108e-07 1.014550214238773e-07
1.865332817861252e+00 1.548446662374161e-01 6.441234867189211e-01 1.040090391249441e-03 3.100680588158909e-03 1.551590253989734e-03 3.148465143543807e-02 3.623143230603944e-04 -2.447112306093794e+00 4.980959876686578e-02 2.895111911164899e-01 1.421814578411169e-04 -3.555941288515287e-03 2.185738724968518e-04 4.764184736393588e-03 7.126915575602274e-05 4.777453773827004e-08 1.000940649298814e-08 5.079292562176229e-09 2.407432316275927e-06 -4.128597644127173e-07 1.312716686947118e-07
1.890395624068411e+00 1.510120530139369e-01 6.475104179692097e-01 1.044993457005573e-03 4.658972908104519e-03 1.550662242689727e-03 3.140889079735311e-02 4.138914667101235e-04 -2.491560451041918e+00 4.982484442359537e-02 2.990745314468573e-01 1.449664280820555e-04 -3.518804653216890e-03 2.330957387946418e-04 5.064983360226981e-03 7.040309107317011e-05 5.433362344421989e-08 1.003785132450725e-08 4.956595232657085e-09 2.404553390903535e-06 -5.162785185173198e-07 1.713061462154572e-07
1.899898572200621e+00 1.495837904079159e-01 6.488023700147506e-01 1.047540924560807e-03 5.250274293842254e-03 1.549141717588739e-03 3.135896921191083e-02 4.346326908131070e-04 -2.508690770286374e+00 4.982931304981873e-02 3.027633453861077e-01 1.460190113339403e-04 -3.500526591368767e-03 2.386961563142068e-04 5.180756349432980e-03 6.999593795905656e-05 5.697585503917626e-08 9.985988472263779e-09 4.899431330768095e-09 2.399840061173788e-06 -5.553083088662047e-07 1.889055759234419e-07
1.906163670842384e+00 1.486495627757508e-01 6.496568727281535e-01 1.049490136336581e-03 5.640923416514738e-03 1.547817407844022e-03 3.131946883179201e-02 4.487731907488238e-04 -2.520065222260072e+00 4.983212566067593e-02 3.052143530311952e-01 1.467580956261321e-04 -3.487179068307499e-03 2.424150690450590e-04 5.257570051440600e-03 6.970632620328850e-05 5.876506570012072e-08 9.930958511467519e-09 4.858971912759266e-09 2.395738728024987e-06 -5.809726336811181e-07 2.013973767348802e-07
1.912707579416209e+00 1.476799894868659e-01 6.505521012310613e-01 1.052294565358523e-03 6.050642296475239e-03 1.546109913748885e-03 3.127219905431130e-02 4.639017994323107e-04 -2.532005310436178e+00 4.983562702663073e-02 3.077905828312763e-01 1.476104828987759e-04 -3.472119176166689e-03 2.463211311392409e-04 5.338196727157199e-03 6.938635363675358e-05 6.067409964571514e-08 9.854861524314039e-09 4.814466071004627e-09 2.390455865392585e-06 -6.076183534770955e-07 2.152048795165358e-07
1.918940262489244e+00 1.467624093795503e-01 6.514081058231466e-01 1.055757657741692e-03 6.444868692924901e-03 1.544119387120789e-03 3.122039034363519e-02 4.786798463705992e-04 -2.543410599355679e+00 4.983973088687206e-02 3.102594074383905e-01 1.484939769225007e-04 -3.456694944508946e-03 2.500605945941997e-04 5.415339686431646e-03 6.906562071251810e-05 6.253030096880469e-08 9.763913010167856e-09 4.770059964405410e-09 2.384304681682282e-06 -6.329801493422990e-07 2.291343953213805e-07
1.945509554817213e+00 1.429143820695268e-01 6.550966276254302e-01 1.071269137175773e-03 8.173578044309515e-03 1.531724479910392e-03 3.092019211449536e-02 5.456420554219537e-04 -2.592263549721514e+00 4.985909905023305e-02 3.209498287907511e-01 1.523591909267486e-04 -3.378586772637319e-03 2.661889652559400e-04 5.747604361728008e-03 6.756480368670091e-05 7.085656522402803e-08 9.152059418733526e-09 4.565002697222432e-09 2.346179882356760e-06 -7.427401013577284e-07 2.977252526450944e-07
1.972229954411120e+00 1.391462202641026e-01 6.588696692232234e-01 1.084525956631913e-03 9.982763568547945e-03 1.512408036178701e-03 3.048365965018188e-02 6.183648934616381e-04 -2.641504519355157e+00 4.988520709698449e-02 3.319749106610020e-01 1.559897619766852e-04 -3.278511906564864e-03 2.826591862254533e-04 6.086209860946526e-03 6.595209920353041e-05 7.989621555763547e-08 8.112903892778975e-09 4.349679389352316e-09 2.287378067897916e-06 -8.541875844286790e-07 3.823751414658230e-07
1.978773257477584e+00 1.382387166478402e-01 6.598022050078997e-01 1.087046233242648e-03 1.043338691137042e-02 1.506721311424272e-03 3.035646355242056e-02 6.370950732081478e-04 -2.653537522654744e+00 4.989415601560086e-02 3.347170280016841e-01 1.569219137578577e-04 -3.250520002639304e-03 2.867216945642597e-04 6.169626825075624e-03 6.556599210109497e-05 8.220933013380063e-08 7.784415186993474e-09 4.298899320200849e-09 2.270209110300078e-06 -8.812151394363860e-07 4.058901323060953e-07
1.983099960412390e+00 1.376418908618219e-01 6.604202104721624e-01 1.087799815077990e-03 1.073199958196421e-02 1.502779771117196e-03 3.026839785529306e-02 6.497462592394053e-04 -2.661480764688521e+00 4.990109438051957e-02 3.365394118359983e-01 1.575799039430027e-04 -3.231234009925896e-03 2.894131063733824e-04 6.224868029229279e-03 6.531675867714293e-05 8.375994614069075e-08 7.549937478872713e-09 4.266278964088126e-09 2.258347040479051e-06 -8.989911848038811e-07 4.221702013956006e-07
1.987133715922927e+00 1.370877954201634e-01 6.609966206326483e-01 1.087575566904855e-03 1.100961562194372e-02 1.499002989738473e-03 3.018426430437741e-02 6.616842512642537e-04 -2.668867257421844e+00 4.990824181450419e-02 3.382449499029632e-01 1.582261388587829e-04 -3.212693162418567e-03 2.919256640734528e-04 6.276420410526875e-03 6.509052563288664e-05 8.522059334472642e-08 7.318574620726508e-09 4.236776527165473e-09 2.247009963244881e-06 -9.154401303011018e-07 4.378260483711361e-07
2.007302493475610e+00 1.343505979186198e-01 6.638794474761861e-01 1.084824859692626e-03 1.238095346031396e-02 1.478776776658005e-03 2.973737151491585e-02 7.214552788739595e-04 -2.705493629864367e+00 4.994657302690618e-02 3.468678492617647e-01 1.615982452238330e-04 -3.111805195746063e-03 3.045307074199218e-04 6.534793625188901e-03 6.410256243454169e-05 9.273895176167798e-08 5.968171738008473e-09 4.109138510674315e-09 2.186780755183039e-06 -9.946464746958058e-07 5.204977194151026e-07
2.036478562738158e+00 1.304874059850379e-01 6.680447775245680e-01 1.078237749878490e-03 1.429828638608297e-02 1.445544687577850e-03 2.902243692944962e-02 8.057670801285111e-04 -2.757575964724392e+00 4.999395924801361e-02 3.596268928499222e-01 1.662015792448177e-04 -2.941457269545249e-03 3.228571770976123e-04 6.909715209690409e-03 6.339653817785039e-05 1.042367568034390e-07 3.397700270350288e-09 4.019121052935642e-09 2.089599443784545e-06 -1.098741897420093e-06 6.492605874188264e-07
2.044790532530913e+00 1.294072937568966e-01 6.692300937593316e-01 1.076554841618946e-03 1.482826293729349e-02 1.435338049654886e-03 2.880434759513598e-02 8.292709790668603e-04 -2.772255580038241e+00 5.000352006583332e-02 3.633249282908816e-01 1.674870919540049e-04 -2.887598274697826e-03 3.280908694865095e-04 7.016639507293473e-03 6.342824579216860e-05 1.076436186404138e-07 2.521422398480870e-09 4.023142364271755e-09 2.060195316787092e-06 -1.125835930218319e-06 6.876903567225089e-07
2.049343292148865e+00 1.288194725752251e-01 6.698792376964420e-01 1.075802879436198e-03 1.511550789913935e-02 1.429632836733998e-03 2.868197868571262e-02 8.420826000117194e-04 -2.780276497243982e+00 5.000798102275530e-02 3.653625805925050e-01 1.682141937179074e-04 -2.857090211171031e-03 3.309589292642556e-04 7.075208353835227e-03 6.350025295002941e-05 1.095338128597425e-07 2.012983717431622e-09 4.032282124717719e-09 2.043850047868098e-06 -1.140158199092875e-06 7.091031052424974e-07
2.058435898251318e+00 1.276534768559301e-01 6.711770163274003e-01 1.076932223671861e-03 1.568471844785083e-02 1.417860530156580e-03 2.842862103874992e-02 8.671912200820226e-04 -2.796324607122870e+00 5.001182095530637e-02 3.694584534543726e-01 1.696157743054994e-04 -2.794010195151820e-03 3.366887592421457e-04 7.192171415668530e-03 6.377397160874494e-05 1.133593206000156e-07 9.356690949360975e-10 4.067119454753006e-09 2.010328482975898e-06 -1.167355580558903e-06 7.520206121873469e-07
2.066702701552799e+00 1.266025405987505e-01 6.723599888267455e-01 1.078627278857614e-03 1.619885033716226e-02 1.406537918870849e-03 2.818515705130122e-02 8.899417970573447e-04 -2.811016001797858e+00 5.001441388686240e-02 3.732135559895173e-01 1.709098737655572e-04 -2.734144892924693e-03 3.418988087937566e-04 7.298470104109550e-03 6.418081285266593e-05 1.168947954545897e-07 -1.173729476545814e-10 4.119176738428928e-09 1.978348917221539e-06 -1.190762894857558e-06 7.919964021496562e-07
2.100072236346963e+00 1.224475827674294e-01 6.771727345290972e-01 1.087889697446599e-03 1.824068216824570e-02 1.353565622923151e-03 2.706608017441609e-02 9.804553257057196e-04 -2.871497003722827e+00 5.002630899176585e-02 3.886824123235334e-01 1.756817885411137e-04 -2.467615610150002e-03 3.628805726759475e-04 7.726046285990740e-03 6.761885580249505e-05 1.316823100256236e-07 -5.126552008901059e-09 4.572309660038617e-09 1.832139895559338e-06 -1.271641568666222e-06 9.612926457047087e-07
2.113754352336051e+00 1.207836497569610e-01 6.791660923495105e-01 1.092155979249655e-03 1.905932193740070e-02 1.328519812864494e-03 2.654340059257108e-02 1.017065400205599e-03 -2.896823452346398e+00 5.003697764476159e-02 3.951731648499962e-01 1.774971035602604e-04 -2.346550141768152e-03 3.714299510392756e-04 7.900044906929964e-03 6.997559209257387e-05 1.379602085290387e-07 -7.554758489563389e-09 4.896583488706286e-09 1.764964893173509e-06 -1.297866296457504e-06 1.034422028295375e-06
2.118564162476675e+00 1.202040982172662e-01 6.798697741294452e-01 1.093689780268484e-03 1.934387468036942e-02 1.319339817313862e-03 2.635126787487451e-02 1.029923756319481e-03 -2.905782874757365e+00 5.004231557829984e-02 3.974758811232318e-01 1.781799299364401e-04 -2.302333698948094e-03 3.744237915949673e-04 7.960946247994300e-03 7.094644387733443e-05 1.401931757123515e-07 -8.462938494335773e-09 5.033397898839765e-09 1.740657553549774e-06 -1.306047159383162e-06 1.060742943831229e-06
2.128481206995521e+00 1.190179202353058e-01 6.813251906570925e-01 1.096460588083588e-03 1.992290004847898e-02 1.299981127629567e-03 2.594493907442554e-02 1.056597165456357e-03 -2.924241756038811e+00 5.005884586061727e-02 4.022585806087838e-01 1.796887231383127e-04 -2.208425990785221e-03 3.805740811724447e-04 8.086007443957316e-03 7.319147934426968e-05 1.448366312602505e-07 -1.042757331275103e-08 5.356992648602656e-09 1.689950932193042e-06 -1.321310265543794e-06 1.116397570050407e-06
2.137540538659729e+00 1.179445666957310e-01 6.826596890533145e-01 1.098851948723071e-03 2.044075689859310e-02 1.281903405515609e-03 2.556520959894979e-02 1.080633433818914e-03 -2.940988715143482e+00 5.007594775952813e-02 4.066690645610213e-01 1.811510616831915e-04 -2.119408631702420e-03 3.861633971606135e-04 8.199601304648241e-03 7.553371215300875e-05 1.491221693066257e-07 -1.233297120342822e-08 5.705341671613582e-09 1.643276341072516e-06 -1.333269104935370e-06 1.167768618287256e-06
2.169573335243984e+00 1.142263428699838e-01 6.874120754146520e-01 1.104948690706701e-03 2.218116551985624e-02 1.214767819946533e-03 2.416976454230715e-02 1.161459056277792e-03 -2.998991680142315e+00 5.015201526223166e-02 4.225845766333780e-01 1.861687913422921e-04 -1.779971112776354e-03 4.056617200062874e-04 8.595422262831371e-03 8.605091454573263e-05 1.645614310784595e-07 -1.994730301400648e-08 7.404759894156980e-09 1.475660856377652e-06 -1.360524769429081e-06 1.348987139409699e-06
2.183704909742725e+00 1.126234968391724e-01 6.895223764588249e-01 1.106206510707262e-03 2.290392566954923e-02 1.183866923481349e-03 2.353085089376254e-02 1.195112506980818e-03 -3.023926067259698e+00 5.020409815929053e-02 4.297653871304561e-01 1.884073412521332e-04 -1.618075476482317e-03 4.141089434671388e-04 8.766690186938531e-03 9.176978197923074e-05 1.714862170594699e-07 -2.375441955784970e-08 8.421692884515544e-09 1.401540892513194e-06 -1.365204498843733e-06 1.428293904341975e-06
2.192361401789050e+00 1.116527799975670e-01 6.908178506298523e-01 1.106002771399854e-03 2.333428483943323e-02 1.164682344504492e-03 2.313132410347878e-02 1.215200225250511e-03 -3.039041101366010e+00 5.024363007001381e-02 4.342118196485492e-01 1.900564329201597e-04 -1.515273862266087e-03 4.192288834723480e-04 8.870432362653545e-03 9.558042117421809e-05 1.757528567374715e-07 -2.622520048726171e-08 9.135616911840917e-09 1.356484963600481e-06 -1.365749046454140e-06 1.476711587448894e-06
2.200464040056673e+00 1.107517531864007e-01 6.920308153938990e-01 1.104962456123223e-03 2.373086436268768e-02 1.146364507457544e-03 2.274846984556989e-02 1.233672768804732e-03 -3.053167681758791e+00 5.028223942504412e-02 4.384050858818251e-01 1.918474824214705e-04 -1.416592504552959e-03 4.239785020726341e-04 8.966627663047899e-03 9.934811573242833e-05 1.797577702197546e-07 -2.863356017668793e-08 9.870048099583975e-09 1.314151583958377e-06 -1.364563896618297e-06 1.521948500490333e-06
2.229075077031643e+00 1.076279316591076e-01 6.963144461476025e-01 1.100856150501924e-03 2.508609468969141e-02 1.077630003637399e-03 2.132049548023906e-02 1.296781149663008e-03 -3.103166006591358e+00 5.040982314291846e-02 4.534535845879916e-01 1.984200500828419e-04 -1.049150800257322e-03 4.403693962087148e-04 9.298321188092960e-03 1.141630105913516e-04 1.939252051172280e-07 -3.788574594010170e-08 1.303319298728105e-08 1.161286424739540e-06 -1.347827124935114e-06 1.681641350121313e-06
2.240935160205299e+00 1.063589951582254e-01 6.980909948065306e-01 1.099537170941096e-03 2.562672431604038e-02 1.047160268336286e-03 2.069235147636555e-02 1.321977160519983e-03 -3.124037939939572e+00 5.044716383862331e-02 4.598036892713734e-01 2.010405803024458e-04 -8.881250139182966e-04 4.469673385371001e-04 9.431722005218917e-03 1.209646328163255e-04 1.997798017189387e-07 -4.206747079356532e-08 1.463244239238844e-08 1.096544627582123e-06 -1.335009039945389e-06 1.747623612936477e-06
2.251524054541318e+00 1.052387127404736e-01 6.996785923462023e-01 1.099005014037198e-03 2.609786949871143e-02 1.019177355495990e-03 2.011358517894358e-02 1.344115576840060e-03 -3.142779597834860e+00 5.047139099010302e-02 4.655303246841959e-01 2.033715022337417e-04 -7.400134768216568e-04 4.527491801001744e-04 9.548567722381787e-03 1.273507800409826e-04 2.049818200813802e-07 -4.597458801633113e-08 1.621822117704673e-08 1.038722481955799e-06 -1.320563047992735e-06 1.806646683904086e-06
2.261851650675477e+00 1.041574428873900e-01 7.012306247695830e-01 1.101961786930623e-03 2.654493550571494e-02 9.913446458368158e-04 1.953408748589368e-02 1.365460188115194e-03 -3.161166424159990e+00 5.049015450209379e-02 4.711702408705328e-01 2.051665631216161e-04 -5.915540225437909e-04 4.582834686213778e-04 9.660375835905864e-03 1.338667883787879e-04 2.100237376116414e-07 -4.994394265193257e-08 1.792031703085118e-08 9.827642068293218e-07 -1.303805147449633e-06 1.864481525327581e-06
2.271177847208389e+00 1.031905657558046e-01 7.026384249086377e-01 1.105466155891402e-03 2.693550524643395e-02 9.657672836244979e-04 1.900010711836181e-02 1.384225998888675e-03 -3.177863497631911e+00 5.050655854810645e-02 4.763131746131918e-01 2.067186669939488e-04 -4.540237343225964e-04 4.631904374732918e-04 9.759467326204231e-03 1.399871803376062e-04 2.145453813666995e-07 -5.366600715691083e-08 1.959641065887348e-08 9.327064461194412e-07 -1.286329981260487e-06 1.916081615999350e-06
2.299513696446944e+00 1.003076118118178e-01 7.069571728890870e-01 1.117068025585681e-03 2.803830910078299e-02 8.846627964148658e-04 1.732022097551512e-02 1.437103856083052e-03 -3.229070398724413e+00 5.054919694207498e-02 4.922408130929884e-01 2.108205100112567e-04 -1.600659562797982e-05 4.775294824466190e-04 1.004876199651172e-02 1.599046553811244e-04 2.280344066057358e-07 -6.577669551275395e-08 2.556949881255617e-08 7.826282633605705e-07 -1.219623119152141e-06 2.065267493168778e-06
2.312611479203081e+00 9.900237104319483e-02 7.089748555602245e-01 1.121860394273520e-03 2.850279790855304e-02 8.456831954719093e-04 1.651669019123506e-02 1.459370245793295e-03 -3.252903672233676e+00 5.056536393933916e-02 4.997610263928728e-01 2.125696206681276e-04 1.966162961010846e-04 4.838429110960571e-04 1.017599574873803e-02 1.697557356651629e-04 2.341039626179070e-07 -7.177836742402246e-08 2.881700979122064e-08 7.151800671035797e-07 -1.182009544781223e-06 2.129761514306781e-06
2.329858474357984e+00 9.730951790704398e-02 7.116479530593630e-01 1.124743678653693e-03 2.907058553509138e-02 7.937670297450889e-04 1.543320910406963e-02 1.486885750438224e-03 -3.284212025710746e+00 5.059123403605433e-02 5.098169983703009e-01 2.155874018717972e-04 4.861421328873631e-04 4.918220796195705e-04 1.033665083224231e-02 1.833116010015764e-04 2.418889580013192e-07 -8.005997316213865e-08 3.360314306176114e-08 6.300660975103408e-07 -1.126108678037917e-06 2.210829234856241e-06
2.346436416938960e+00 9.570962441893946e-02 7.142237774328235e-01 1.123648785604810e-03 2.957314700005194e-02 7.427546340116352e-04 1.436220967488376e-02 1.511375555441315e-03 -3.313772861390149e+00 5.062267929515370e-02 5.196420783353316e-01 2.191003629024401e-04 7.742725113414273e-04 4.991000768230300e-04 1.048302991361446e-02 1.969327205499584e-04 2.491008866847544e-07 -8.840688384392519e-08 3.878249642320799e-08 5.516844463457581e-07 -1.065689296279394e-06 2.284256069585543e-06
2.371327663817446e+00 9.335669765252839e-02 7.180958281481428e-01 1.120175611246589e-03 3.025018031157713e-02 6.637445857834754e-04 1.271396601695017e-02 1.544304424178520e-03 -3.357125020634030e+00 5.067238458636450e-02 5.346873357939100e-01 2.241826985437499e-04 1.224436562309094e-03 5.092410377972151e-04 1.068671191302880e-02 2.184312242176445e-04 2.593264345767847e-07 -1.016070185125300e-07 4.771219971321889e-08 4.405568751568773e-07 -9.642787758990526e-07 2.384876154537352e-06
2.383246858627469e+00 9.225056618002686e-02 7.199509982381891e-01 1.118439287118463e-03 3.054217841814206e-02 6.258268690113241e-04 1.191530081100337e-02 1.558709366590156e-03 -3.377587367747742e+00 5.069691689351268e-02 5.420177331246709e-01 2.267199905103748e-04 1.447267160363915e-03 5.137413773078132e-04 1.077697936665247e-02 2.291554119750546e-04 2.639302027581289e-07 -1.081937316159507e-07 5.251220283745701e-08 3.916592699765169e-07 -9.119737986032503e-07 2.429574889495886e-06
2.401927697147214e+00 9.054324499609626e-02 7.228634411999669e-01 1.118598556976310e-03 3.095787813231665e-02 5.682230326502016e-04 1.067504510747544e-02 1.580109354238782e-03 -3.410255815715677e+00 5.071069451959714e-02 5.536768251933922e-01 2.308109427594587e-04 1.805841765860219e-03 5.203124152831530e-04 1.090862207835538e-02 2.465166040268530e-04 2.707250094977882e-07 -1.188394984053471e-07 6.077043606093222e-08 3.228774148341921e-07 -8.271171113287133e-07 2.496745571352900e-06
2.421270038643339e+00 8.880875525383645e-02 7.258890702739110e-01 1.119376029410512e-03 3.133649277101316e-02 5.102436565615224e-04 9.418718443143140e-03 1.599664861932014e-03 -3.445756236293382e+00 5.078510254384387e-02 5.659749579518819e-01 2.349018008353335e-04 2.188952948331029e-03 5.264887184781161e-04 1.103212969749174e-02 2.651877506118933e-04 2.771903706847289e-07 -1.302525826975699e-07 7.032454307459572e-08 2.603485890612729e-07 -7.373223541566374e-07 2.558927670499971e-06
2.441450050388820e+00 8.703455542536713e-02 7.290575976064103e-01 1.120220796798870e-03 3.168027583417518e-02 4.511647040197758e-04 8.126990355888167e-03 1.617218668604844e-03 -3.484637345227666e+00 5.115822458600944e-02 5.790559784000419e-01 2.389032179964990e-04 2.601176657824821e-03 5.322389956181771e-04 1.114684899426053e-02 2.853870564146912e-04 2.832783484566460e-07 -1.425426064609716e-07 8.144577196904213e-08 2.035495901532519e-07 -6.414613653664076e-07 2.615396222084025e-06
2.445003633416658e+00 8.672581979012037e-02 7.296168510596533e-01 1.120395155339317e-03 3.173572535947431e-02 4.410637038048526e-04 7.899980875175497e-03 1.620084688403133e-03 -3.491647923194448e+00 5.127689029837771e-02 5.813862456246685e-01 2.396513753992589e-04 2.675065098045063e-03 5.331765976059875e-04 1.116552243516061e-02 2.890172778994687e-04 2.842772842346972e-07 -1.447436202124651e-07 8.353098692441874e-08 1.945371908140547e-07 -6.242845857740415e-07 2.624674397598277e-06
2.451354604168712e+00 8.617677198394254e-02 7.306173041332470e-01 1.120697688532223e-03 3.183115237098904e-02 4.233202475997784e-04 7.492873783654751e-03 1.624983948853633e-03 -3.504232573625554e+00 5.153275303718143e-02 5.855708458230944e-01 2.411381941293818e-04 2.808067915481901e-03 5.347950843112941e-04 1.119772937810322e-02 2.955576625540911e-04 2.860057822035241e-07 -1.487027643470226e-07 8.735433189443801e-08 1.792000320279377e-07 -5.933261892536426e-07 2.640572834031945e-06
2.457736562220101e+00 8.562854667633370e-02 7.316238080537504e-01 1.120999392214649e-03 3.192233569788595e-02 4.057019434373002e-04 7.078839521576355e-03 1.629673163082895e-03 -3.516790837571440e+00 5.182286497333499e-02 5.898011490932484e-01 2.428025378258920e-04 2.942918067504521e-03 5.363458198835328e-04 1.122855180265461e-02 3.021948006499158e-04 2.876668385065390e-07 -1.527117824067959e-07 9.132169753984233e-08 1.645940669088023e-07 -5.616139695618826e-07 2.655834618472606e-06
2.477346691345845e+00 8.396571725638630e-02 7.347239730229562e-01 1.122069381969086e-03 3.217280331981671e-02 3.519291092358481e-04 5.771004584341856e-03 1.643592275897903e-03 -3.554464290195416e+00 5.274114818312341e-02 6.029592509324921e-01 2.480043231520606e-04 3.364657681129474e-03 5.406129335939067e-04 1.131312539416990e-02 3.229878020891678e-04 2.922623439690097e-07 -1.651943320730946e-07 1.043211202983914e-07 1.238540979275375e-07 -4.592648260974669e-07 2.701395569391247e-06
2.497133617913740e+00 8.232062312710546e-02 7.378638198085119e-01 1.123098052073468e-03 3.237952520624027e-02 2.989792937099408e-04 4.396716930670505e-03 1.657135164053383e-03 -3.590737013728423e+00 5.339207484843714e-02 6.164839271998114e-01 2.527906381566508e-04 3.801239118092603e-03 5.441055764219501e-04 1.138191342623274e-02 3.445663284896310e-04 2.960508782934626e-07 -1.779811702563095e-07 1.187259547288243e-07 8.938861806729502e-08 -3.480798156444514e-07 2.746096951942233e-06
2.508188887044121e+00 8.141555856758405e-02 7.396234232043912e-01 1.123736704060950e-03 3.247475198760852e-02 2.724436327942888e-04 3.607419392940405e-03 1.664583097153763e-03 -3.610220279177029e+00 5.354065390907552e-02 6.241515864411392e-01 2.553710389505418e-04 4.049889290056366e-03 5.456766782668243e-04 1.141260349155878e-02 3.568811534858091e-04 2.977630372043152e-07 -1.851785785500636e-07 1.273641577133616e-07 7.422553305014929e-08 -2.826238136245201e-07 2.770836887330013e-06
2.515224013695985e+00 8.084479983565745e-02 7.407453395200825e-01 1.124524833499398e-03 3.252811686514476e-02 2.581177172566972e-04 3.098514316710806e-03 1.669282885268427e-03 -3.622402626593931e+00 5.355551219824473e-02 6.290738483817150e-01 2.569442473490804e-04 4.209871949071441e-03 5.465279597502390e-04 1.142910795897759e-02 3.648149658240683e-04 2.986928107887588e-07 -1.897690062153440e-07 1.330899592892161e-07 6.662475596180825e-08 -2.398293325315800e-07 2.786505351050084e-06
2.522278814975146e+00 8.027646294745203e-02 7.418726093247783e-01 1.125694446006370e-03 3.257709050678614e-02 2.461581345857186e-04 2.584162048918119e-03 1.673930781923698e-03 -3.634633876149753e+00 5.354560854759841e-02 6.340452919360599e-01 2.584140361611269e-04 4.371707420423387e-03 5.472627280318660e-04 1.144323357391577e-02 3.728495441101884e-04 2.994964934928801e-07 -1.943763432579533e-07 1.390167825431753e-07 6.059382722272076e-08 -1.961642893653225e-07 2.802044262671684e-06
2.543053936632746e+00 7.862591420404066e-02 7.452047347332145e-01 1.128570244156039e-03 3.269265549528869e-02 2.241931779593753e-04 1.049199617702320e-03 1.686367574729655e-03 -3.671027401458946e+00 5.347024620027377e-02 6.488957723392323e-01 2.626868045760525e-04 4.856410212093785e-03 5.487105234651540e-04 1.147020613685371e-02 3.969675219880478e-04 3.010832385614033e-07 -2.079333950640980e-07 1.575832135133312e-07 5.026258104352411e-08 -6.403175595035822e-08 2.843835597099578e-06
2.564305378661323e+00 7.697262970762148e-02 7.486293545518145e-01 1.129351418192934e-03 3.275708428777270e-02 2.258311617687417e-04 -5.439300333459872e-04 1.696138729792485e-03 -3.709144303300197e+00 5.342224992527667e-02 6.644173153040597e-01 2.668307157353042e-04 5.364432683583467e-03 5.490335262200211e-04 1.147410418097712e-02 4.223368483868543e-04 3.014378129135906e-07 -2.216873617886806e-07 1.783684135053407e-07 5.099971362581960e-08 7.548465581976173e-08 2.876886590702064e-06
2.569286349372276e+00 7.659018455825374e-02 7.494336428582018e-01 1.129111731089061e-03 3.276258105760522e-02 2.304780800110696e-04 -9.191156223835834e-04 1.697956640430020e-03 -3.718222857841184e+00 5.342582878845112e-02 6.681039550704737e-01 2.678922684525632e-04 5.485207631251439e-03 5.489329681397398e-04 1.147140683339351e-02 4.283822173036341e-04 3.013274035107047e-07 -2.248791932305703e-07 1.835113241019779e-07 5.312014536558899e-08 1.086202087032218e-07 2.883056752780400e-06
2.572143554174653e+00 7.637166304413928e-02 7.498951725722540e-01 1.128895954351644e-03 3.276387574693512e-02 2.339123568666840e-04 -1.134419331092278e-03 1.698919587412683e-03 -3.723453938189852e+00 5.343114039883668e-02 6.702270237335828e-01 2.685403768142193e-04 5.554766461444383e-03 5.488444208357189e-04 1.146922683107055e-02 4.318665007411602e-04 3.012301982824957e-07 -2.267028810187553e-07 1.865086744624145e-07 5.471499069492693e-08 1.276757332856838e-07 2.886327764494481e-06
2.577224255839276e+00 7.598462545241602e-02 7.507158177546436e-01 1.127532404733163e-03 3.276229455286034e-02 2.408680477935315e-04 -1.516542369875500e-03 1.700486893772487e-03 -3.732763370640114e+00 5.344828280547011e-02 6.740168030516799e-01 2.699528269027782e-04 5.678933046986943e-03 5.486306350524623e-04 1.146420239492631e-02 4.380911935831053e-04 3.009955737180680e-07 -2.299323298377804e-07 1.919238938950698e-07 5.801741644786698e-08 1.617385020284446e-07 2.891655675892000e-06
2.581826351817007e+00 7.563574033042164e-02 7.514587085761734e-01 1.126070281555358e-03 3.275604659275842e-02 2.483744691492559e-04 -1.860851906495574e-03 1.701677570374352e-03 -3.741165702097299e+00 5.346535975609383e-02 6.774651091720185e-01 2.713241287857585e-04 5.791898019557360e-03 5.483748128514417e-04 1.145837828719274e-02 4.437601676349998e-04 3.007149353698537e-07 -2.328393374052388e-07 1.969230863794431e-07 6.168987692517468e-08 1.925054214915063e-07 2.895706553515158e-06
2.604836831705664e+00 7.391519683024665e-02 7.551633315351153e-01 1.116813317394854e-03 3.265378164394345e-02 2.971006727721989e-04 -3.548772675170108e-03 1.703741524769076e-03 -3.782717286186694e+00 5.355333704840417e-02 6.949270622519560e-01 2.785416626672831e-04 6.363160553419425e-03 5.462059814342004e-04 1.141100660595312e-02 4.725140839382524e-04 2.983409741544981e-07 -2.470521427195623e-07 2.232695595200059e-07 8.826880976169322e-08 3.435218447737123e-07 2.902735183222455e-06
2.628349915222381e+00 7.219749599298481e-02 7.589256619390777e-01 1.105042260944740e-03 3.242509588806070e-02 3.578110873105054e-04 -5.205547557328268e-03 1.698726573415712e-03 -3.824697188856647e+00 5.361536978653306e-02 7.131519661173726e-01 2.857661081279879e-04 6.956371983976221e-03 5.424577680607599e-04 1.133107221355953e-02 5.025216902858368e-04 2.942604301294613e-07 -2.608592396303581e-07 2.525280492077345e-07 1.280287742023261e-07 4.902344327542273e-07 2.885671971228687e-06
2.633340143198343e+00 7.183811147980583e-02 7.597206499943543e-01 1.102460986645228e-03 3.236044043767431e-02 3.718985669551490e-04 -5.548341709363641e-03 1.696798762269766e-03 -3.833631045435437e+00 5.362162244014843e-02 7.170703008336115e-01 2.873633897396149e-04 7.083299434428951e-03 5.414636093733746e-04 1.131000209402436e-02 5.089609775825955e-04 2.931828402756425e-07 -2.636754159850788e-07 2.590412767018313e-07 1.383085441032935e-07 5.201397505105357e-07 2.879126039640211e-06
2.637766285375681e+00 7.152084842828274e-02 7.604247171569670e-01 1.100182467271193e-03 3.229831868836080e-02 3.847123665585776e-04 -5.850293551816143e-03 1.694818671781783e-03 -3.841607030740883e+00 5.362124023699589e-02 7.205608227724104e-01 2.887749783316944e-04 7.196147124429958e-03 5.405237928048685e-04 1.129010777899232e-02 5.146910606075950e-04 2.921659705881604e-07 -2.661356234773330e-07 2.649068878693710e-07 1.480036049831014e-07 5.462265778320326e-07 2.872410330220167e-06
2.642744876612097e+00 7.116566026107676e-02 7.612154617783770e-01 1.097640662188008e-03 3.222272569133695e-02 3.994144581762184e-04 -6.188978684847885e-03 1.692241773520862e-03 -3.850750544717720e+00 5.361425260518073e-02 7.245045204608243e-01 2.903314085712598e-04 7.323374770960867e-03 5.394011872156868e-04 1.126636738076307e-02 5.211564738693366e-04 2.909536407696923e-07 -2.688588555551277e-07 2.716040702559205e-07 1.595319094002021e-07 5.751653522833367e-07 2.863682220049031e-06
2.665112853072492e+00 6.959149947556492e-02 7.647531407282865e-01 1.086909904388394e-03 3.180514251757871e-02 4.677533065201866e-04 -7.706690858757475e-03 1.675979667080850e-03 -3.894421714177680e+00 5.363101241310287e-02 7.424565036089773e-01 2.972334110873044e-04 7.898269014973239e-03 5.334876286385655e-04 1.114158925247574e-02 5.504363481314678e-04 2.846090499104000e-07 -2.804591864082740e-07 3.029801733443065e-07 2.187931557605676e-07 7.016617796538977e-07 2.808907844468436e-06
2.687229449226965e+00 6.806926772698070e-02 7.682308165020614e-01 1.078146018124503e-03 3.126186206497183e-02 5.380109365969186e-04 -9.213013336853721e-03 1.652060273871274e-03 -3.941659515669319e+00 5.409863648276229e-02 7.605935903531129e-01 3.031784771921378e-04 8.470375815326342e-03 5.262039143912881e-04 1.098811900119446e-02 5.796708361100578e-04 2.768905595207141e-07 -2.907329869854295e-07 3.360182782365335e-07 2.894557678978936e-07 8.214988566890783e-07 2.729303148503628e-06
2.693373023699947e+00 6.765236107121507e-02 7.691943681248861e-01 1.076266029432374e-03 3.108769759393756e-02 5.584152199911780e-04 -9.633400630013502e-03 1.644241645177010e-03 -3.955361456765186e+00 5.439208937977039e-02 7.657020449161259e-01 3.047964641790222e-04 8.629634566846074e-03 5.239195632337495e-04 1.093998023731993e-02 5.878246408880164e-04 2.744917087390428e-07 -2.933420826879554e-07 3.455378084351255e-07 3.118275579177957e-07 8.539493204986460e-07 2.703530587734399e-06
2.697823328243222e+00 6.735195640330378e-02 7.698919338280674e-01 1.075108878133128e-03 3.095534039923946e-02 5.735447003001348e-04 -9.938393814974560e-03 1.638336815406645e-03 -3.965401067956877e+00 5.466044408857317e-02 7.694219893198762e-01 3.060160374547117e-04 8.745034309636596e-03 5.221925954200245e-04 1.090357693599121e-02 5.937370507947382e-04 2.726851067115014e-07 -2.951594063012399e-07 3.525236854864335e-07 3.289535232423714e-07 8.772649551236855e-07 2.684147520716788e-06
2.705271946687434e+00 6.685214115600939e-02 7.710597940476169e-01 1.075176560932800e-03 3.072338855729751e-02 5.995543518541377e-04 -1.044842231633856e-02 1.628139960674570e-03 -3.982186830400118e+00 5.518474244920687e-02 7.756854940242648e-01 3.080577857155328e-04 8.938202074836497e-03 5.191654864630878e-04 1.083972747460551e-02 6.036415160861028e-04 2.695328023344546e-07 -2.980573392810355e-07 3.643830799427288e-07 3.594654208272351e-07 9.160168612764330e-07 2.650839731545390e-06
2.711986902832164e+00 6.640473579480327e-02 7.721140711866068e-01 1.075768539092838e-03 3.050462558452336e-02 6.234414628962046e-04 -1.090615661865393e-02 1.618662890612594e-03 -3.997068873781216e+00 5.569591506951693e-02 7.813728760323533e-01 3.099673531324127e-04 9.112319059845228e-03 5.162887756052978e-04 1.077899907693984e-02 6.125782407899691e-04 2.665540998160176e-07 -3.005091976486013e-07 3.752521010893335e-07 3.886792576581598e-07 9.505729443661421e-07 2.620069553446320e-06
2.733598478680317e+00 6.498502120254689e-02 7.755196975185241e-01 1.079109330248906e-03 2.974766848643910e-02 7.019827366778580e-04 -1.235933852380678e-02 1.586802544373378e-03 -4.042761187860384e+00 5.724175893045590e-02 7.999451536374007e-01 3.159445569151490e-04 9.671918427668061e-03 5.060757372125182e-04 1.056284856529788e-02 6.413614142529974e-04 2.561126517951938e-07 -3.072837439454934e-07 4.113444636926049e-07 4.927797625937349e-07 1.059967874908788e-06 2.517942314829825e-06
2.756490310093693e+00 6.351429310821666e-02 7.791513234665277e-01 1.082973522993837e-03 2.887913476911978e-02 7.874694226181478e-04 -1.385456302752772e-02 1.551969929560531e-03 -4.086836858679233e+00 5.810267530964128e-02 8.200733190519630e-01 3.218037385002015e-04 1.026200206781020e-02 4.936791842002509e-04 1.029888730388337e-02 6.718220067813561e-04 2.437191369126253e-07 -3.124076328762104e-07 4.513448087957284e-07 6.201080915585591e-07 1.172475342357934e-06 2.408610662260120e-06
2.761496776804524e+00 6.319710557104886e-02 7.799488219857138e-01 1.083659230410823e-03 2.868255166450171e-02 8.064933624518114e-04 -1.417490980029785e-02 1.544313481888752e-03 -4.095887312539512e+00 5.814835548166467e-02 8.245388004609796e-01 3.232094184527293e-04 1.039052275590185e-02 4.907551474036560e-04 1.023630326860081e-02 6.784725006689362e-04 2.408406147031841e-07 -3.132216757908767e-07 4.603249341639596e-07 6.504315436788288e-07 1.196252701724697e-06 2.384904130343362e-06
2.777370649465927e+00 6.220184299906465e-02 7.824793652562815e-01 1.081633939673314e-03 2.804458487137073e-02 8.673966959791088e-04 -1.518613263876957e-02 1.519526797546329e-03 -4.123928740878427e+00 5.812248809248301e-02 8.388448764129213e-01 3.286466519049953e-04 1.079630967401460e-02 4.809888386802107e-04 1.002626299008808e-02 6.995108147404909e-04 2.313502629349377e-07 -3.150242709596006e-07 4.893153799389053e-07 7.523770281954743e-07 1.268935324561342e-06 2.308961688461402e-06
2.791756301401386e+00 6.131343442526548e-02 7.847716684626201e-01 1.078869069290637e-03 2.744702335469545e-02 9.225322245859280e-04 -1.610177026612131e-02 1.495680301588979e-03 -4.149008209143124e+00 5.803937058310184e-02 8.520024570333659e-01 3.337106123198429e-04 1.116138797233876e-02 4.714995809293107e-04 9.820410771702868e-03 7.184887759067333e-04 2.223118548165157e-07 -3.155703657121567e-07 5.162261211039560e-07 8.510657053994610e-07 1.331123490560015e-06 2.237059564561298e-06
2.813749092667898e+00 5.997970088008856e-02 7.882727403735392e-01 1.074407159812053e-03 2.649918752888349e-02 1.005595349592700e-03 -1.749343244308937e-02 1.455958554677323e-03 -4.187383746562155e+00 5.794687318488771e-02 8.724770953908917e-01 3.408480818387192e-04 1.171368754822998e-02 4.558527755627539e-04 9.476406478563015e-03 7.472969948868212e-04 2.078017529882665e-07 -3.142366664224787e-07 5.584527985668736e-07 1.011222007122466e-06 1.417298842269247e-06 2.119815312938081e-06
2.820224763860215e+00 5.959254695266167e-02 7.893029949848490e-01 1.073296333801376e-03 2.621241332305609e-02 1.029835583807977e-03 -1.789876414143891e-02 1.443612553042584e-03 -4.198793744561038e+00 5.794517335361631e-02 8.785900428211582e-01 3.429576898531020e-04 1.187479999093447e-02 4.509928625872858e-04 9.368228362218938e-03 7.557243251183752e-04 2.033945621046745e-07 -3.133131562974189e-07 5.711192555756236e-07 1.060561329677116e-06 1.440261578014359e-06 2.084017203302128e-06
2.824458253099006e+00 5.934079581529015e-02 7.899764756272226e-01 1.072679171371944e-03 2.602309169832425e-02 1.045649185403085e-03 -1.816200489010699e-02 1.435421030274734e-03 -4.206296938223383e+00 5.795224476875900e-02 8.826074954959551e-01 3.443995737323646e-04 1.197972704436935e-02 4.477560654558759e-04 9.295791262744097e-03 7.612187705936490e-04 2.004854941525266e-07 -3.125732534984998e-07 5.794540167041065e-07 1.093382218934135e-06 1.454623707496379e-06 2.060433534154979e-06
2.845035596302422e+00 5.813219741171195e-02 7.932569278415408e-01 1.074448846884627e-03 2.508526807820610e-02 1.120111105628710e-03 -1.939258020875597e-02 1.393861174008053e-03 -4.243644749185299e+00 5.800269476624770e-02 9.023863888697274e-01 3.514030315872005e-04 1.248517329896229e-02 4.313945140157479e-04 8.924201178960416e-03 7.877565536753406e-04 1.861012267228833e-07 -3.073855091527274e-07 6.205603878584498e-07 1.254648888952772e-06 1.515876270679379e-06 1.942848972407108e-06
2.867207674925797e+00 5.685746966311518e-02 7.968103265884362e-01 1.077719374818842e-03 2.404404117648066e-02 1.193527392323740e-03 -2.061274005589504e-02 1.345554554307863e-03 -4.285811824564947e+00 5.809093033147943e-02 9.241800185726633e-01 3.587201596046618e-04 1.302053964238893e-02 4.127571316690490e-04 8.488020518904370e-03 8.160096060686944e-04 1.703684497436606e-07 -2.987284925078919e-07 6.658716771963858e-07 1.424507636227106e-06 1.563291245825904e-06 1.810517058618631e-06
2.875460246343453e+00 5.639018015616467e-02 7.981383574151963e-01 1.078901630748795e-03 2.364845671182346e-02 1.219181881109712e-03 -2.103975622821443e-02 1.326714144198979e-03 -4.301995748664035e+00 5.815098159948098e-02 9.324214308418443e-01 3.613407641321752e-04 1.321706707013509e-02 4.056108917812711e-04 8.316370715197500e-03 8.264188979182744e-04 1.645201955315980e-07 -2.946641625378531e-07 6.829681948364553e-07 1.486404459226215e-06 1.575998629582934e-06 1.760170420417630e-06
2.886356109393473e+00 5.577909566790714e-02 7.998961805642817e-01 1.080327628595972e-03 2.311950915039625e-02 1.252077152288294e-03 -2.158312723412330e-02 1.301387695879866e-03 -4.323692958739876e+00 5.827077454608905e-02 9.434108184438087e-01 3.650189104750118e-04 1.347404422164882e-02 3.960474940776536e-04 8.082145159531373e-03 8.400604638270976e-04 1.568536175651890e-07 -2.885804531466458e-07 7.057015828853983e-07 1.567697195282363e-06 1.588821408132187e-06 1.693609934987508e-06
2.900697298391238e+00 5.498486582730635e-02 8.022173334785064e-01 1.082263348847494e-03 2.241426410703912e-02 1.294665784577019e-03 -2.227463422892278e-02 1.267551132778464e-03 -4.352330739665815e+00 5.849977134697608e-02 9.580578804988381e-01 3.707609352153792e-04 1.380750974152121e-02 3.833102271413504e-04 7.760918561249651e-03 8.578149564673348e-04 1.469267302311536e-07 -2.793082149707162e-07 7.358464995390556e-07 1.676159493754429e-06 1.599431636717849e-06 1.606685874207967e-06
2.914091104226276e+00 5.425331924322808e-02 8.043917695142542e-01 1.083119805017510e-03 2.174883068316576e-02 1.333750141729615e-03 -2.290555378547255e-02 1.235121734373054e-03 -4.378639214800823e+00 5.872805915967202e-02 9.719199581378603e-01 3.763119338671476e-04 1.411360365569700e-02 3.713636703885460e-04 7.447747280671069e-03 8.741589726843149e-04 1.379109756844526e-07 -2.693199612603618e-07 7.641539095244969e-07 1.778889440563768e-06 1.604790309942817e-06 1.525525698720700e-06
2.934001439808816e+00 5.318380002536290e-02 8.076302519322721e-01 1.081362610219749e-03 2.074662369525968e-02 1.390312288587120e-03 -2.381528874705022e-02 1.185087539831184e-03 -4.416582538713477e+00 5.899179997806458e-02 9.928527005822301e-01 3.840459578693408e-04 1.455837361298701e-02 3.537630825989868e-04 6.958656170579720e-03 8.979870185759885e-04 1.251483186099376e-07 -2.520323101895817e-07 8.063806855309926e-07 1.932968259796356e-06 1.605061350478313e-06 1.404432477063129e-06
2.942757802459032e+00 5.272013635143347e-02 8.090541759750762e-01 1.079144729307624e-03 2.030000156442756e-02 1.414621356376606e-03 -2.420261989982878e-02 1.162559119370161e-03 -4.432755477717635e+00 5.905801311741714e-02 1.002183172612582e+00 3.874315545025228e-04 1.474986610594451e-02 3.461817034674954e-04 6.734631926556283e-03 9.082751009696152e-04 1.198417718156569e-07 -2.434853638303397e-07 8.249636590413647e-07 2.001153581916790e-06 1.602037785577567e-06 1.351543706030724e-06
2.947240689210990e+00 5.248432689906470e-02 8.097824853508367e-01 1.077629713395692e-03 2.006970056531730e-02 1.426925690404364e-03 -2.439729733724228e-02 1.150954042550272e-03 -4.440908873226040e+00 5.907903661304461e-02 1.006989712140987e+00 3.892524269722351e-04 1.484688547866027e-02 3.423594332000890e-04 6.617831839478146e-03 9.134942906128652e-04 1.172099815010862e-07 -2.388831697235172e-07 8.344718189823017e-07 2.036116925935970e-06 1.599660167540375e-06 1.324695208062813e-06
2.952931152123559e+00 5.218651493096359e-02 8.107052427155149e-01 1.072758752673970e-03 1.977499608863851e-02 1.442172054194020e-03 -2.463972803168550e-02 1.136077169192968e-03 -4.451147807160345e+00 5.909429379628072e-02 1.013120395416842e+00 3.916494977711133e-04 1.496902422494218e-02 3.375789444654714e-04 6.467512431686094e-03 9.200711011693318e-04 1.139595437464218e-07 -2.328186353969135e-07 8.465308312069468e-07 2.079860233898198e-06 1.596010849942313e-06 1.290671334361507e-06
2.958075536470810e+00 5.191873680776311e-02 8.115361186269102e-01 1.067830915022622e-03 1.950506709656265e-02 1.455598964930925e-03 -2.485265202880711e-02 1.122412831747577e-03 -4.460322423065679e+00 5.910479179167613e-02 1.018691548448167e+00 3.939079209428648e-04 1.507844279989325e-02 3.333360449014963e-04 6.329644313577933e-03 9.259696698077366e-04 1.111129188305724e-07 -2.271206950608255e-07 8.574198294038488e-07 2.118768346707979e-06 1.591558211711979e-06 1.259810564871615e-06
2.978472099923427e+00 5.087049955724961e-02 8.147957210534392e-01 1.047051473029827e-03 1.840198392133372e-02 1.504937039889826e-03 -2.563569253281624e-02 1.065547740787556e-03 -4.496013111908370e+00 5.913072341999448e-02 1.041053544686619e+00 4.028891768030874e-04 1.550233719325817e-02 3.174919242221155e-04 5.764921795481570e-03 9.488819409202186e-04 1.008011219462615e-07 -2.025102712296372e-07 9.003769378045213e-07 2.264835494032351e-06 1.562459171632998e-06 1.135391987897466e-06
2.997908348652810e+00 4.989131454180683e-02 8.178502199957117e-01 1.028533298888823e-03 1.730616738185254e-02 1.546024149956671e-03 -2.629155247299544e-02 1.007329429473342e-03 -4.529189948105044e+00 5.915179440933609e-02 1.062778468273969e+00 4.107165448196847e-04 1.589024962758787e-02 3.044228941113812e-04 5.200687070341824e-03 9.699339347691487e-04 9.267329845914924e-08 -1.760616491730226e-07 9.407718378167631e-07 2.390190672249246e-06 1.518029986454072e-06 1.014712579483088e-06
3.000000000000000e+00 4.978706836786394e-02 8.181762350054584e-01 1.026788165309421e-03 1.718599886998128e-02 1.550149575759631e-03 -2.635717117602966e-02 1.000899015364919e-03 -4.532723255979256e+00 5.915475937587038e-02 1.065141144509649e+00 4.115474202563803e-04 1.593099656729572e-02 3.031681278523289e-04 5.138490919083956e-03 9.721498750280036e-04 9.191091374548600e-08 -1.730419775803273e-07 9.450753795169629e-07 2.402963707227764e-06 1.512334515797275e-06 1.001798838958464e-06
