# Results using Bonetti's 3rd stopping condition (our code)
# a/a_h = 1.0, e = 0.6
# q            H            sH           K            sK
1.000000e-04 1.363679e+01 6.265133e-02 -6.210723e-01 1.958598e-02
5.000000e-04 1.373128e+01 6.459912e-02 -4.930822e-01 1.780063e-02
1.000000e-03 1.391055e+01 7.199601e-02 -4.571465e-01 1.825262e-02
3.000000e-03 1.533652e+01 9.078280e-02 -2.275325e-01 2.092864e-02
5.000000e-03 1.623168e+01 9.298102e-02 -3.042709e-02 1.719579e-02
1.000000e-02 1.635857e+01 7.764794e-02 3.503742e-02 1.184919e-02
5.000000e-02 1.532332e+01 4.537616e-02 5.333311e-02 4.888810e-03
1.000000e-01 1.479607e+01 3.632706e-02 5.551776e-02 3.542811e-03
1.000000e+00 1.404660e+01 2.691375e-02 4.478499e-02 2.169204e-03
