Tcut H sH K sK Px sPx Py sPy Q sQ
1000 18.106409095551697 0.028727582321014092 0.05399478640166605 0.001746350353692885 nan nan nan nan nan nan
1204 18.171873242174488 0.02862105959519372 0.05614993345086617 0.0017527242340160563 nan nan nan nan nan nan
1450 18.21330931977154 0.028515698487857233 0.05848979478302101 0.0017590436784614253 nan nan nan nan nan nan
1747 18.239595826684837 0.02840976795304516 0.060995543736838964 0.001765561280966471 nan nan nan nan nan nan
2104 18.24710235834616 0.02829965672761273 0.0635611081165702 0.0017724801122183376 nan nan nan nan nan nan
2535 18.240467498767366 0.028176009530231756 0.06625278763775137 0.0017793917429088956 nan nan nan nan nan nan
3053 18.22476214872362 0.02805675924279907 0.06856914774794469 0.0017870168752839363 nan nan nan nan nan nan
3678 18.19744759369698 0.027932791649546245 0.07104902423418545 0.0017944558909726144 nan nan nan nan nan nan
4430 18.162771067492834 0.027808189563571506 0.07382020852266594 0.0018028035639982528 nan nan nan nan nan nan
5336 18.12365496740821 0.02768795375000551 0.0766800945044348 0.0018110762269266684 nan nan nan nan nan nan
6428 18.08507566669524 0.027580480969574755 0.07920903159599961 0.001818963509499102 nan nan nan nan nan nan
7742 18.038717111355112 0.027464823905224155 0.08253321662332594 0.0018278157181728703 nan nan nan nan nan nan
9326 17.989261310690345 0.027355127168110047 0.08561836587441518 0.0018371372187824704 nan nan nan nan nan nan
11233 17.939752423074886 0.027250020994987335 0.08825318021725712 0.0018456046493844156 nan nan nan nan nan nan
13530 17.885857345027414 0.027141649572146497 0.09077537114051812 0.0018541912638357124 nan nan nan nan nan nan
16297 17.834102307468402 0.02704068187848449 0.09326643494338095 0.0018620132473748797 nan nan nan nan nan nan
19630 17.779811906793622 0.026943115260462162 0.09601975363072943 0.001870349077867189 nan nan nan nan nan nan
23644 17.728506414795213 0.026851795385795532 0.0979455256024944 0.0018778729640136801 nan nan nan nan nan nan
28480 17.67721462040278 0.026767453680133807 0.09988259561866493 0.0018851140964037411 nan nan nan nan nan nan
34304 17.624937688077484 0.02668286700439924 0.10200240524393957 0.0018927140639244692 nan nan nan nan nan nan
41320 17.57486640408349 0.02660305786781375 0.10342085178708377 0.0018993386021121487 nan nan nan nan nan nan
49770 17.528125433082867 0.02653142379651438 0.10535916221516275 0.0019061343670476786 nan nan nan nan nan nan
59948 17.48125476525518 0.0264608707066579 0.10704308294680119 0.0019127410089616417 nan nan nan nan nan nan
72208 17.436171623877527 0.026394521701284313 0.1083637758818842 0.001918695614133021 nan nan nan nan nan nan
86974 17.393040425019457 0.026332824514914737 0.10977041248860686 0.0019246086218964848 nan nan nan nan nan nan
104761 17.35203383718607 0.026276489963056253 0.11089033878924154 0.0019301353102176063 nan nan nan nan nan nan
126185 17.313871598232748 0.02622598310974336 0.11205990091599934 0.001935214934783157 nan nan nan nan nan nan
151991 17.277712095430747 0.026178922702432227 0.11312134065822972 0.0019400327025434537 nan nan nan nan nan nan
183073 17.24311414550122 0.026134884575141192 0.11394940591075774 0.0019445966592496235 nan nan nan nan nan nan
220513 17.210846680871043 0.026095181609177273 0.11471271814385174 0.001948755193753374 nan nan nan nan nan nan
265608 17.181374436637125 0.026060188349321618 0.1152295211373698 0.0019522826244515827 nan nan nan nan nan nan
319926 17.153268139099 0.026027613275397828 0.11588753660191463 0.0019559593851314282 nan nan nan nan nan nan
385352 17.12731090272024 0.025998433781746325 0.11649004915788115 0.0019595335248593143 nan nan nan nan nan nan
464158 17.103646688052443 0.02597267021850807 0.11716034851584234 0.0019627485608067355 nan nan nan nan nan nan
559081 17.08034096844134 0.025947216063923237 0.1175962980043772 0.001965648212690122 nan nan nan nan nan nan
673415 17.05948509824667 0.02592538058602405 0.11797901992664336 0.0019684715978077407 nan nan nan nan nan nan
811130 17.039833631660542 0.025905586880065445 0.11833781598297027 0.0019710287521762624 nan nan nan nan nan nan
977009 17.022187553686607 0.025888939204362908 0.11856209627985637 0.0019732660713560625 nan nan nan nan nan nan
1176811 17.00537003990873 0.025872860167240004 0.11882944221936784 0.001975325925070243 nan nan nan nan nan nan
1417474 16.990138081506444 0.025858606789927036 0.11889763095606089 0.0019771391285593443 nan nan nan nan nan nan
1707352 16.97610520136539 0.025845531906390547 0.11908654964733727 0.0019788855425124418 nan nan nan nan nan nan
2056512 16.963613446822663 0.02583455358542994 0.11930850528833782 0.0019804019528118287 nan nan nan nan nan nan
2477076 16.951842532765244 0.025824468383328032 0.11941827479608104 0.0019818964693418635 nan nan nan nan nan nan
2983647 16.941531899585545 0.025816072913437713 0.11948043939438815 0.001983128557977719 nan nan nan nan nan nan
3593813 16.932063547506175 0.02580836248393624 0.11960745066487717 0.0019842709375961533 nan nan nan nan nan nan
4328761 16.92352702046192 0.025801843661004846 0.11960634242246626 0.0019853178735769255 nan nan nan nan nan nan
5214008 16.91550040004529 0.025795733649033994 0.11970903996388838 0.0019862783104742992 nan nan nan nan nan nan
6280291 16.90840185552713 0.025790711310221724 0.11968518055457175 0.0019870591522155776 nan nan nan nan nan nan
7564633 16.901816091477514 0.025785820459861046 0.1197526048945708 0.001987814704620703 nan nan nan nan nan nan
9111627 16.895987503084147 0.02578187245154129 0.11975755635029653 0.0019884624680878813 nan nan nan nan nan nan
10974987 16.89073932851888 0.02577817602682518 0.11975689454026436 0.0019890807797416717 nan nan nan nan nan nan
13219411 16.886153404340686 0.0257752010002002 0.11975763755303202 0.001989564028084939 nan nan nan nan nan nan
15922827 16.8817397014363 0.025772225687261334 0.11977543965877585 0.001990095638825316 nan nan nan nan nan nan
19179102 16.877990977544687 0.02576992360213607 0.11979567957483374 0.001990517607674118 nan nan nan nan nan nan
23101297 16.874514313676436 0.025767770618737897 0.1198007743956252 0.001990914375131327 nan nan nan nan nan nan
27825594 16.871338858511663 0.02576590937500523 0.1198061319833729 0.0019912671555403745 nan nan nan nan nan nan
33516026 16.86848543064197 0.02576431835145026 0.11979215917481593 0.0019915645535476074 nan nan nan nan nan nan
40370172 16.8658299650407 0.025762726118713917 0.11980558260773991 0.001991853612282687 nan nan nan nan nan nan
48626015 16.863442629146395 0.025761283985662346 0.11983273580598384 0.0019921392208947426 nan nan nan nan nan nan
58570208 16.861388322557254 0.0257600431256815 0.11985390409562414 0.0019923717506603305 nan nan nan nan nan nan
70548023 16.85962339840799 0.02575908038466901 0.11987458627253052 0.001992567208780184 nan nan nan nan nan nan
84975343 16.85798572634074 0.025758147896502413 0.11987922193782505 0.0019927329901927864 nan nan nan nan nan nan
102353102 16.856740762050347 0.025758001409908818 0.11988431514669039 0.0019928872862025365 nan nan nan nan nan nan
123284673 16.855385785468794 0.025757109674612366 0.11988359668960519 0.001993030690568572 nan nan nan nan nan nan
148496826 16.85418665112854 0.025756443908212204 0.11987201579832407 0.0019932043188325295 nan nan nan nan nan nan
178864952 16.85316955191836 0.0257558282701083 0.11984037083904432 0.0019932975821453495 nan nan nan nan nan nan
215443469 16.8522770811148 0.025755335402148444 0.11983813002131175 0.0019934106562709037 nan nan nan nan nan nan
259502421 16.85148768044899 0.02575495909186374 0.11984185206235289 0.0019934953158184817 nan nan nan nan nan nan
312571584 16.850876994843514 0.02575486956529345 0.1198397059160654 0.001993557637388714 nan nan nan nan nan nan
376493580 16.85023215670183 0.02575452589173754 0.11981993141722884 0.0019936136012503203 nan nan nan nan nan nan
453487850 16.84968654369266 0.025754239267337446 0.11982942653584183 0.001993686846097737 nan nan nan nan nan nan
546227721 16.84916724504633 0.025753953444703322 0.1198334728757666 0.0019937474139325464 nan nan nan nan nan nan
657933224 16.848714065983852 0.02575368959183071 0.11982633874316714 0.0019937864708534717 nan nan nan nan nan nan
792482898 16.848340131773675 0.025753482535393685 0.11982175525567809 0.0019938186804891256 nan nan nan nan nan nan
954548456 16.84804051586418 0.025753376453730378 0.11982402959870914 0.0019938537903989714 nan nan nan nan nan nan
1149756995 16.84773277473889 0.025753224147938417 0.11982277599363551 0.001993880356366839 nan nan nan nan nan nan
1384886371 16.847489246863464 0.025753109894411323 0.11981931128008488 0.001993904577325062 nan nan nan nan nan nan
1668100537 16.84733583695705 0.025753075722051873 0.11981602950160562 0.001993918477428418 nan nan nan nan nan nan
2009233002 16.847136208568443 0.025752962264589386 0.11981629407097591 0.001993935708546123 nan nan nan nan nan nan
2420128264 16.846983320267263 0.025752869645803096 0.11981882697997799 0.001993950032239318 nan nan nan nan nan nan
2915053062 16.846869463832824 0.025752836892906486 0.11981977401111421 0.0019939648740974884 nan nan nan nan nan nan
3511191734 16.846767763696306 0.025752800611709405 0.11982189225635911 0.0019939765809682502 nan nan nan nan nan nan
4229242874 16.84667974504408 0.02575276323742014 0.11982279127959834 0.001993985018447059 nan nan nan nan nan nan
5094138014 16.84659392583934 0.025752706934978383 0.11982060933226273 0.0019939919857292084 nan nan nan nan nan nan
6135907273 16.84651180178484 0.02575264863515088 0.11981838287059018 0.001993996667535207 nan nan nan nan nan nan
7390722033 16.846462899971403 0.025752636104518386 0.11981830113361934 0.0019940013249194763 nan nan nan nan nan nan
8902150854 16.846406259003842 0.025752606249287487 0.1198148901787156 0.0019940042407987136 nan nan nan nan nan nan
10722672220 16.846377429828884 0.025752601234778127 0.11981477606167633 0.0019940072647071806 nan nan nan nan nan nan
12915496650 16.846336198352393 0.02575258663221555 0.11981225923896752 0.0019940107259205867 nan nan nan nan nan nan
15556761439 16.8462985510163 0.02575256617741174 0.11981437840588739 0.001994015583128815 nan nan nan nan nan nan
18738174228 16.846266540869877 0.02575255129459279 0.1198150085226406 0.001994018610265814 nan nan nan nan nan nan
22570197196 16.846249554887653 0.025752547664684253 0.1198139804269371 0.001994019682391499 nan nan nan nan nan nan
27185882427 16.846232250114653 0.02575254468171743 0.1198132618700775 0.001994021001034595 nan nan nan nan nan nan
32745491628 16.84621506695709 0.02575253693695657 0.11981329261310447 0.001994022624710209 nan nan nan nan nan nan
39442060594 16.846198723827886 0.025752522811160136 0.11981146780815943 0.0019940231609828826 nan nan nan nan nan nan
47508101621 16.846179512699784 0.025752505741813935 0.11980544327448524 0.0019940286183443776 nan nan nan nan nan nan
57223676593 16.846167164002985 0.025752492162356977 0.11980623260958147 0.0019940296533322477 nan nan nan nan nan nan
68926121043 16.84615329562809 0.025752479502422952 0.11980561929377044 0.001994029800184112 nan nan nan nan nan nan
83021756813 16.84613957047894 0.025752471604382245 0.11980624270889095 0.001994031230686803 nan nan nan nan nan nan
100000000000 16.846133779712318 0.025752471156185706 0.11980632247885298 0.0019940319444413566 nan nan nan nan nan nan
