Tcut H sH K sK Px sPx Py sPy Q sQ
1000 18.03241804586069 0.027876000011765014 0.05131481050729829 0.0016747809796270245 nan nan nan nan nan nan
1204 18.08661401875496 0.027774651508078983 0.05298178160825986 0.0016790497490419692 nan nan nan nan nan nan
1450 18.118174294803392 0.027672046046155578 0.0554550238605549 0.0016853402085803555 nan nan nan nan nan nan
1747 18.133607707298548 0.02756950391623686 0.058245916378017695 0.0016917563167959276 nan nan nan nan nan nan
2104 18.132297022333752 0.027449448299328057 0.06078108904433628 0.0016977680624043492 nan nan nan nan nan nan
2535 18.12083480880395 0.027330821227393297 0.06368014440351379 0.0017046177091217354 nan nan nan nan nan nan
3053 18.09990022796855 0.027211467446225282 0.06630289997545571 0.0017117439907183717 nan nan nan nan nan nan
3678 18.06980536984584 0.02709150997190953 0.06910509268059406 0.001719125253581466 nan nan nan nan nan nan
4430 18.035247261601477 0.026972906578600662 0.07169926861554134 0.001726215888487115 nan nan nan nan nan nan
5336 17.9943384296723 0.02686041890907209 0.07466267459252776 0.0017340372030650037 nan nan nan nan nan nan
6428 17.950035358403905 0.026747265673107135 0.07751456418952642 0.0017423731113822233 nan nan nan nan nan nan
7742 17.902837001198826 0.02663753135034868 0.08023779744020125 0.0017500707033124062 nan nan nan nan nan nan
9326 17.856805575474123 0.026541700280187434 0.08265012433042375 0.0017574339570145395 nan nan nan nan nan nan
11233 17.804977188959842 0.0264367729800252 0.08521782957491987 0.0017652540748565966 nan nan nan nan nan nan
13530 17.75282905720205 0.026335892172304327 0.08775637460971492 0.0017731467256583036 nan nan nan nan nan nan
16297 17.70278978516742 0.026245793596464468 0.08988393856756059 0.0017805932035543802 nan nan nan nan nan nan
19630 17.650838057623183 0.02615542700417998 0.09225867745605704 0.0017882215184500505 nan nan nan nan nan nan
23644 17.600039947095254 0.026070875447535818 0.0942373371477746 0.0017954224726259853 nan nan nan nan nan nan
28480 17.552070408048138 0.025992496958542364 0.09618917207071792 0.0018022455186981986 nan nan nan nan nan nan
34304 17.503528385999342 0.025914254258012092 0.09791109410051485 0.0018087077197278447 nan nan nan nan nan nan
41320 17.456314239864597 0.02584325649595543 0.09952620646253295 0.0018150615540766513 nan nan nan nan nan nan
49770 17.40945329494504 0.02577350390825311 0.10110887642205886 0.0018211025615790194 nan nan nan nan nan nan
59948 17.365154042204004 0.025711013147183607 0.10247990688332229 0.00182681950554053 nan nan nan nan nan nan
72208 17.323480679111317 0.025654680749399698 0.10365356311549925 0.001831960221949816 nan nan nan nan nan nan
86974 17.28315582042267 0.02559996772700308 0.10487925061731387 0.0018371398320662419 nan nan nan nan nan nan
104761 17.24512967824963 0.025550209148003763 0.10599219427342181 0.0018419178156750626 nan nan nan nan nan nan
126185 17.208266625375305 0.025502694224796143 0.10681179018337722 0.0018463635238248996 nan nan nan nan nan nan
151991 17.173957524993366 0.02546064840854006 0.1076348434653762 0.001850641010248198 nan nan nan nan nan nan
183073 17.141682672307983 0.025421551294959693 0.10833626827991695 0.0018545189039357965 nan nan nan nan nan nan
220513 17.111954111888117 0.02538706043072115 0.10915960082553541 0.0018580445238235814 nan nan nan nan nan nan
265608 17.08344188717363 0.0253542299761152 0.10968155048850074 0.0018614234235558769 nan nan nan nan nan nan
319926 17.057023637085017 0.02532472877902271 0.110198631084826 0.0018647000668165167 nan nan nan nan nan nan
385352 17.032759618121446 0.025298419495627677 0.11058702753898839 0.0018676299594884572 nan nan nan nan nan nan
464158 17.009802740803693 0.02527422464415987 0.11096905165319963 0.0018703951005929404 nan nan nan nan nan nan
559081 16.988447847389182 0.02525214413759106 0.11135149464738324 0.0018728783283444863 nan nan nan nan nan nan
673415 16.968546663051505 0.025232775640600974 0.11168648423783804 0.0018752450141294973 nan nan nan nan nan nan
811130 16.95063547613061 0.025215486891636885 0.11186364716502048 0.00187722477845977 nan nan nan nan nan nan
977009 16.93431242592094 0.025200532348136163 0.11205553324771163 0.0018790713227108252 nan nan nan nan nan nan
1176811 16.91939477999755 0.025187139334527302 0.11233555999096928 0.0018808740279778727 nan nan nan nan nan nan
1417474 16.905535535541773 0.025174674868649986 0.11248715014936557 0.001882398899275939 nan nan nan nan nan nan
1707352 16.89282181455196 0.02516390037689515 0.1126420611467491 0.001883817600335461 nan nan nan nan nan nan
2056512 16.881765173020717 0.025155065729312524 0.11271074494128662 0.0018849919362702238 nan nan nan nan nan nan
2477076 16.87100352754665 0.02514627439028736 0.11278276670558204 0.001886120986393954 nan nan nan nan nan nan
2983647 16.86120342689194 0.02513896004577257 0.11288865004827313 0.0018872299695322267 nan nan nan nan nan nan
3593813 16.85243613927724 0.025132317430415968 0.11296615064741154 0.0018882691686839665 nan nan nan nan nan nan
4328761 16.84466385988165 0.025126772118272876 0.11304176165879376 0.0018891157605265638 nan nan nan nan nan nan
5214008 16.837357263897648 0.025121421989985165 0.11309190696833618 0.0018898914920462732 nan nan nan nan nan nan
6280291 16.830849340314302 0.025116935643571852 0.11317649384773146 0.0018906572874962972 nan nan nan nan nan nan
7564633 16.824868954571922 0.02511289491481496 0.11321074605575715 0.001891321446596577 nan nan nan nan nan nan
9111627 16.819507193829114 0.025109367798966047 0.1132919284982722 0.001891972791210723 nan nan nan nan nan nan
10974987 16.81465640909985 0.025106358606975274 0.11329540518597797 0.0018925212260419329 nan nan nan nan nan nan
13219411 16.810182953228914 0.025103267501802938 0.11333301870986964 0.0018930218194143213 nan nan nan nan nan nan
15922827 16.806023543439746 0.025100517806774338 0.11335227660798604 0.0018934477142383847 nan nan nan nan nan nan
19179102 16.802601753238996 0.025098567085382245 0.11334042970569555 0.0018937987216325466 nan nan nan nan nan nan
23101297 16.799316675977913 0.025096663606185482 0.11335585441546359 0.0018941408696013947 nan nan nan nan nan nan
27825594 16.796370119141166 0.025094884641996055 0.11340356605414662 0.00189449399693979 nan nan nan nan nan nan
33516026 16.79372423647708 0.02509341386718882 0.1134052656584814 0.0018947609503472279 nan nan nan nan nan nan
40370172 16.791700653331592 0.025092363535931597 0.113416047271801 0.0018949795344181722 nan nan nan nan nan nan
48626015 16.789536469388143 0.02509109476575586 0.1133998534715814 0.001895190816620267 nan nan nan nan nan nan
58570208 16.78771753199171 0.02509012011327005 0.11341160352420143 0.0018953956228667235 nan nan nan nan nan nan
70548023 16.786091712436345 0.025089198508188776 0.1134229300434063 0.0018955869684425535 nan nan nan nan nan nan
84975343 16.784641462881577 0.02508837943824938 0.1134189416828963 0.001895721166908397 nan nan nan nan nan nan
102353102 16.78333768502927 0.025087758985753925 0.11342588998331893 0.0018958545826564571 nan nan nan nan nan nan
123284673 16.782222516733043 0.02508717650309757 0.11343034608773808 0.0018959751827408423 nan nan nan nan nan nan
148496826 16.78107281714498 0.0250864829878558 0.11342821843850026 0.0018960850637477862 nan nan nan nan nan nan
178864952 16.780132274100435 0.025085971170496536 0.11344394541962273 0.0018961860315353546 nan nan nan nan nan nan
215443469 16.77928292513915 0.025085490570179152 0.11345953178389138 0.001896281570460063 nan nan nan nan nan nan
259502421 16.778576719909193 0.02508511018151515 0.11345512308450131 0.0018963507543243226 nan nan nan nan nan nan
312571584 16.777919417524934 0.0250847245944371 0.11343941399035659 0.00189644338364314 nan nan nan nan nan nan
376493580 16.777284785126543 0.025084361689769567 0.11344238933900785 0.001896508391388369 nan nan nan nan nan nan
453487850 16.776809622391795 0.02508414551303814 0.1134403824029738 0.0018965552318749323 nan nan nan nan nan nan
546227721 16.776324380347297 0.02508383916835225 0.1134400908521571 0.0018965956938694999 nan nan nan nan nan nan
657933224 16.775986302938076 0.02508368710808904 0.11344356376105239 0.0018966353404722338 nan nan nan nan nan nan
792482898 16.775683270029617 0.0250835866404424 0.113444429999065 0.0018966633609129415 nan nan nan nan nan nan
954548456 16.775388735845524 0.025083452718866455 0.11344355648131081 0.0018966942399374486 nan nan nan nan nan nan
1149756995 16.77510195312521 0.025083302101005744 0.11344356502561039 0.0018967199308316694 nan nan nan nan nan nan
1384886371 16.774870274591628 0.025083197609289173 0.11343951883282931 0.0018967394584389033 nan nan nan nan nan nan
1668100537 16.77467323685435 0.025083057133635088 0.11343379673562838 0.0018967606077409792 nan nan nan nan nan nan
2009233002 16.77454752336847 0.025083014522185948 0.11343930682970954 0.0018967791806190092 nan nan nan nan nan nan
2420128264 16.774387056833078 0.025082900540686758 0.11344644792549241 0.0018968060427814292 nan nan nan nan nan nan
2915053062 16.774267184749846 0.02508284819860334 0.11344399739163762 0.0018968157510435087 nan nan nan nan nan nan
3511191734 16.774177223565808 0.02508282342795999 0.11344288287489417 0.0018968240312186046 nan nan nan nan nan nan
4229242874 16.774100279258544 0.025082803589208474 0.11344559418797473 0.0018968345694952194 nan nan nan nan nan nan
5094138014 16.774036768547443 0.025082772602459405 0.11344692509365906 0.00189684048749684 nan nan nan nan nan nan
6135907273 16.773975711871177 0.02508274610532873 0.11344649986280217 0.0018968455492793328 nan nan nan nan nan nan
7390722033 16.773963481596347 0.025082740860917704 0.1134414280251438 0.0018968445683740854 nan nan nan nan nan nan
8902150854 16.773895702736855 0.025082695573712524 0.11344427451056992 0.001896854245893539 nan nan nan nan nan nan
10722672220 16.773844843510563 0.02508266989319925 0.11344448829383677 0.0018968648980298337 nan nan nan nan nan nan
12915496650 16.7738033523015 0.025082646208084914 0.11344331750001163 0.0018968677032955386 nan nan nan nan nan nan
15556761439 16.773798102072167 0.0250826217402361 0.11344346296234728 0.0018968661971610309 nan nan nan nan nan nan
18738174228 16.773780500211917 0.025082619474907357 0.1134431814519625 0.0018968682051782126 nan nan nan nan nan nan
22570197196 16.77376078640491 0.02508260684942675 0.11344125953522398 0.0018968691148916132 nan nan nan nan nan nan
27185882427 16.773743834465126 0.025082601696573874 0.11344144420155038 0.0018968707384467095 nan nan nan nan nan nan
32745491628 16.77372076176304 0.025082593721648734 0.11344167915871063 0.0018968733910450077 nan nan nan nan nan nan
39442060594 16.773701356089916 0.025082579589614365 0.11344248857068169 0.001896875227663818 nan nan nan nan nan nan
47508101621 16.773690659954724 0.025082576494794104 0.11344333721134053 0.00189687689826331 nan nan nan nan nan nan
57223676593 16.77367884085212 0.02508257240942131 0.11344253895943632 0.0018968776065333033 nan nan nan nan nan nan
68926121043 16.773672761657178 0.025082571201230707 0.11344233307240298 0.0018968781005499643 nan nan nan nan nan nan
83021756813 16.773668486779226 0.025082571008745065 0.1134422829331726 0.001896878533881771 nan nan nan nan nan nan
100000000000 16.77366437443843 0.025082570747228933 0.11344274247126138 0.0018968793469471322 nan nan nan nan nan nan
