Tcut H sH K sK Px sPx Py sPy Q sQ
1000 11.14146126055406 0.0327919282600814 0.2621131813514258 0.0034251144654817165 nan nan nan nan nan nan
1204 11.165283374411114 0.032928769755123474 0.26130786007227985 0.0034349769879572275 nan nan nan nan nan nan
1450 11.21561748994755 0.03390579763942216 0.2603265703703848 0.003570958090321728 nan nan nan nan nan nan
1747 11.274722979748704 0.03462145423075196 0.2578528249375289 0.0036158738756863207 nan nan nan nan nan nan
2104 11.33837342932951 0.03501122004677452 0.25547644783713236 0.0036425200236217727 nan nan nan nan nan nan
2535 11.424350779698372 0.03551447128691572 0.2524264103134408 0.00368968135523021 nan nan nan nan nan nan
3053 11.526728878637236 0.036000703714692134 0.24748322575860282 0.003705717484163257 nan nan nan nan nan nan
3678 11.69302753380367 0.040149776784884406 0.23749467476689615 0.003896161506500909 nan nan nan nan nan nan
4430 11.85039952361655 0.040592642106752265 0.2281405012951611 0.00392700092342072 nan nan nan nan nan nan
5336 12.101564835213305 0.048341949933062026 0.21160754165111534 0.00428594622992498 nan nan nan nan nan nan
6428 12.375352111122945 0.04957883641787738 0.1947840750451852 0.004360126827733605 nan nan nan nan nan nan
7742 12.710815795260341 0.05353028213161324 0.17519652425560964 0.0047068053551662555 nan nan nan nan nan nan
9326 13.090561396686098 0.058993091304940945 0.14989201119212978 0.004948094251303344 nan nan nan nan nan nan
11233 13.51055568587689 0.06106309221531084 0.11939820823259692 0.005169642635647932 nan nan nan nan nan nan
13530 13.948288174445532 0.06261495767289883 0.08943420165969215 0.005611211553522567 nan nan nan nan nan nan
16297 14.412760786606396 0.06449730165771962 0.06117466318389149 0.006089630430553773 nan nan nan nan nan nan
19630 14.903384212076825 0.06667040173435297 0.02595022057082739 0.006487367410814463 nan nan nan nan nan nan
23644 15.438536149263351 0.0691980912370582 -0.013395718003849614 0.0071082584070925395 nan nan nan nan nan nan
28480 16.04109742639426 0.07323315674550082 -0.05149278935950549 0.0077450987213175965 nan nan nan nan nan nan
34304 16.638123091662347 0.07708267605659129 -0.08217120418649292 0.008544509415896613 nan nan nan nan nan nan
41320 17.298919431370653 0.08156662544108527 -0.10649826627246334 0.009451062164919933 nan nan nan nan nan nan
49770 18.017679389748054 0.09055556587007083 -0.13506484613460917 0.010206591544851313 nan nan nan nan nan nan
59948 18.620242607183524 0.09267361322917765 -0.15117677395285595 0.010994595950058137 nan nan nan nan nan nan
72208 19.197088393102888 0.09620865579332791 -0.15635088706250733 0.01172846677009188 nan nan nan nan nan nan
86974 19.765615748100533 0.10031397498206701 -0.14495343598822893 0.012428695783084757 nan nan nan nan nan nan
104761 20.39716963689492 0.1066154281840813 -0.12262399452740129 0.013022435909632975 nan nan nan nan nan nan
126185 20.851576276366078 0.10933512629688097 -0.10203147131769828 0.013651453280859753 nan nan nan nan nan nan
151991 21.20766597628489 0.1103017927968652 -0.08687308265277288 0.014092350499716941 nan nan nan nan nan nan
183073 21.549514022260315 0.11260600542936682 -0.058023838712920585 0.014499765838486858 nan nan nan nan nan nan
220513 21.82908761715052 0.11403494437451518 -0.034493023862685344 0.014843899266277615 nan nan nan nan nan nan
265608 22.019457655086715 0.11436685342960416 -0.008901813430152393 0.015183855387590645 nan nan nan nan nan nan
319926 22.16124166407151 0.11507670769378821 0.01085340842846646 0.015459629326221752 nan nan nan nan nan nan
385352 22.259467994100504 0.11586813434047309 0.027193650572397803 0.015734842057015162 nan nan nan nan nan nan
464158 22.318695924157755 0.11543843941804266 0.04434444314708994 0.016007290143910734 nan nan nan nan nan nan
559081 22.390773021901484 0.11868241685083337 0.06818956764026354 0.016301089541337885 nan nan nan nan nan nan
673415 22.405680399380305 0.11870539086421393 0.08838369760446312 0.016582362824973076 nan nan nan nan nan nan
811130 22.393379446566946 0.11810522552161572 0.10559866489378844 0.016850408098622385 nan nan nan nan nan nan
977009 22.389995071012923 0.1185928872557154 0.1270174096527378 0.01710576638481893 nan nan nan nan nan nan
1176811 22.353737076061144 0.11808223493380691 0.14921459180774022 0.01738011446705263 nan nan nan nan nan nan
1417474 22.30621014598208 0.11746950859225794 0.16778856655878432 0.017633911208105355 nan nan nan nan nan nan
1707352 22.242972255722158 0.11679223926738799 0.18665994930291846 0.017880652742432265 nan nan nan nan nan nan
2056512 22.19975760313599 0.11659184185742257 0.2058523602486774 0.018123351593894686 nan nan nan nan nan nan
2477076 22.138505618878153 0.11620298201099727 0.22382515577176448 0.018369638838000527 nan nan nan nan nan nan
2983647 22.079114832529477 0.11630230651681396 0.2426294072961188 0.01860371227756357 nan nan nan nan nan nan
3593813 22.005407672408076 0.11573132869227021 0.26457202733907426 0.01885268092780148 nan nan nan nan nan nan
4328761 21.92769164214506 0.11517280884746192 0.28360272928257085 0.01907230051579582 nan nan nan nan nan nan
5214008 21.854578096583293 0.11465407693565956 0.30190140058384973 0.019299279337188894 nan nan nan nan nan nan
6280291 21.781640447191556 0.11415769834833775 0.32085967712708613 0.019509027734667273 nan nan nan nan nan nan
7564633 21.70825894826805 0.11371922565828196 0.33594269287931167 0.01971644793363093 nan nan nan nan nan nan
9111627 21.634928618377543 0.11326886197143994 0.35111441792899795 0.01989894666370554 nan nan nan nan nan nan
10974987 21.561934714415106 0.11284521516333319 0.36608578894202715 0.020088592336733855 nan nan nan nan nan nan
13219411 21.498365434660187 0.11255926040442264 0.380970524950784 0.020264630898544515 nan nan nan nan nan nan
15922827 21.431809143137468 0.11217249737021996 0.3947837258585479 0.020437463879149683 nan nan nan nan nan nan
19179102 21.36829543671221 0.11182380799753033 0.4057718714229745 0.020607378273813634 nan nan nan nan nan nan
23101297 21.30863683588747 0.11150513378456957 0.4194261103554955 0.02076639085805373 nan nan nan nan nan nan
27825594 21.252678596279765 0.11121090860882128 0.4293382471414968 0.020897088855220937 nan nan nan nan nan nan
33516026 21.197251336740234 0.11092808920556663 0.43698471958126406 0.0210306370610732 nan nan nan nan nan nan
40370172 21.14564523910126 0.11066435750206315 0.44848952743209153 0.02116912613503098 nan nan nan nan nan nan
48626015 21.09581875646594 0.11042431834171951 0.45940951402343827 0.021285433245764006 nan nan nan nan nan nan
58570208 21.05127068032953 0.1102267450191353 0.46757731592328344 0.02139530844118399 nan nan nan nan nan nan
70548023 21.01090174986132 0.1100290879379998 0.47429912118873446 0.021500501052714296 nan nan nan nan nan nan
84975343 20.97269997601943 0.10985629951974575 0.47923828354199854 0.021593723242536864 nan nan nan nan nan nan
102353102 20.935345611379486 0.10969457438581738 0.4873358465818361 0.021677549415331374 nan nan nan nan nan nan
123284673 20.900589873252144 0.10954311536450781 0.4912606004728731 0.021741934869959657 nan nan nan nan nan nan
148496826 20.86946703137022 0.10941533710034093 0.49692127004601766 0.021819525723752505 nan nan nan nan nan nan
178864952 20.841956412775062 0.10930246022649505 0.5009591597454974 0.021881047214468055 nan nan nan nan nan nan
215443469 20.81493629770878 0.10919628466199258 0.5082895186719416 0.021958240579929043 nan nan nan nan nan nan
259502421 20.790427606962613 0.10910477354650266 0.5071168960667326 0.02200243154663323 nan nan nan nan nan nan
312571584 20.768182560042195 0.10902328553103725 0.5097858040740019 0.022042813146677494 nan nan nan nan nan nan
376493580 20.748486686734346 0.10894839466924983 0.5107727401965055 0.022088054106025937 nan nan nan nan nan nan
453487850 20.728915222215782 0.10887973030635142 0.509699362042221 0.022134420979175805 nan nan nan nan nan nan
546227721 20.711895603171357 0.10882572999763246 0.5103223261529037 0.0221715108029824 nan nan nan nan nan nan
657933224 20.696060566729294 0.10877398951881197 0.5120015562347281 0.022197920284951784 nan nan nan nan nan nan
792482898 20.682037683132148 0.10872620253104566 0.5129943857447182 0.022225605481854975 nan nan nan nan nan nan
954548456 20.669025979322228 0.10868676281806204 0.5136600333655008 0.02224776688948148 nan nan nan nan nan nan
1149756995 20.659652730875187 0.10867894451016419 0.5129915390425647 0.022270186749292473 nan nan nan nan nan nan
1384886371 20.649403153519945 0.10864798972767391 0.5128552668223085 0.022286543638041043 nan nan nan nan nan nan
1668100537 20.639572219720847 0.10862114808016425 0.5135899251383023 0.02230507407263133 nan nan nan nan nan nan
2009233002 20.630991232216076 0.10859612735631026 0.5141333679731045 0.022320082942979578 nan nan nan nan nan nan
2420128264 20.623073645584242 0.10857478014558351 0.5142749302510206 0.022335488228654297 nan nan nan nan nan nan
2915053062 20.616449410614372 0.10855676838153622 0.515140629467301 0.022348282002999043 nan nan nan nan nan nan
3511191734 20.61034009839765 0.10854081252818872 0.5146370960435994 0.02236323211492946 nan nan nan nan nan nan
4229242874 20.604374271682584 0.10852449986714467 0.5153775081121603 0.02237022371359761 nan nan nan nan nan nan
5094138014 20.599154856602677 0.10851144612301193 0.5151944430385578 0.022377631687464577 nan nan nan nan nan nan
6135907273 20.59455778810277 0.10850103103560962 0.5152951426126342 0.022384261029244998 nan nan nan nan nan nan
7390722033 20.590614728851197 0.1084926399864233 0.5155032632722495 0.022388355787342336 nan nan nan nan nan nan
8902150854 20.588644940955344 0.10850103916340693 0.5157521067490355 0.02239303591736255 nan nan nan nan nan nan
10722672220 20.586280717519383 0.10849749119979825 0.5154023211719124 0.022396413155973925 nan nan nan nan nan nan
12915496650 20.58334794306396 0.10849077784209539 0.5154232640933466 0.022400317526701928 nan nan nan nan nan nan
15556761439 20.580674212739115 0.10848516166286255 0.5156556643800113 0.022403933565613706 nan nan nan nan nan nan
18738174228 20.5781840094486 0.10847999934889678 0.5157208931862056 0.02240608424296416 nan nan nan nan nan nan
22570197196 20.576004570293158 0.10847565543732085 0.5152661111676348 0.022408481964581145 nan nan nan nan nan nan
27185882427 20.57415470396022 0.1084723667327433 0.51541616666629 0.022410302412047882 nan nan nan nan nan nan
32745491628 20.57232473415509 0.10846832840683747 0.5153785130064729 0.02241230319843105 nan nan nan nan nan nan
39442060594 20.57080614616403 0.10846535128182784 0.5154457224752826 0.02241426756806044 nan nan nan nan nan nan
47508101621 20.56947473331141 0.10846262207506442 0.5152951367178176 0.022415405635521926 nan nan nan nan nan nan
57223676593 20.568302513179464 0.10846066095014384 0.5150986493097205 0.02241645381713844 nan nan nan nan nan nan
68926121043 20.567155034755324 0.10845795745929185 0.515172060635603 0.022417486136968014 nan nan nan nan nan nan
83021756813 20.56616154772648 0.10845586056403811 0.5149973213782524 0.0224182972361648 nan nan nan nan nan nan
100000000000 20.565391427355774 0.10845441718483767 0.5152026747671794 0.02241980312202874 nan nan nan nan nan nan
