Tcut H sH K sK Px sPx Py sPy Q sQ
1000 17.966601004735175 0.027490099134000603 0.04704215196841991 0.0016447232524494952 nan nan nan nan nan nan
1204 18.016621492014846 0.02739121773198505 0.04872799515129852 0.0016490594510500415 nan nan nan nan nan nan
1450 18.040921391963565 0.027274975609017465 0.050972506868746846 0.0016543434739397596 nan nan nan nan nan nan
1747 18.05357215705498 0.027167366661744373 0.05331253587108537 0.0016597526966229787 nan nan nan nan nan nan
2104 18.051225885394143 0.027057549030302292 0.05612466487888386 0.0016661046331705985 nan nan nan nan nan nan
2535 18.03690884168598 0.02694100300106354 0.058552118708819975 0.0016729756358744485 nan nan nan nan nan nan
3053 18.015409708094243 0.02682635460217708 0.06098239805312658 0.0016797184825619795 nan nan nan nan nan nan
3678 17.983674353027578 0.02671166771198466 0.06367032661629628 0.0016871737486932178 nan nan nan nan nan nan
4430 17.947462745169492 0.026598882699624436 0.06632251960482678 0.0016946288859913568 nan nan nan nan nan nan
5336 17.907026500905804 0.02648767093747523 0.0690909603092389 0.0017018397131189635 nan nan nan nan nan nan
6428 17.860749945435977 0.026375193872928745 0.07163345240744376 0.001709397084425498 nan nan nan nan nan nan
7742 17.81382937629161 0.026268117270613123 0.07421064952624751 0.0017172703113286852 nan nan nan nan nan nan
9326 17.763072189190787 0.026159036818802335 0.07654057812224287 0.0017248334839882746 nan nan nan nan nan nan
11233 17.711721888038426 0.026057489887122275 0.07899981404883916 0.0017325192918514524 nan nan nan nan nan nan
13530 17.659490185049386 0.025961635647223206 0.08135034521148148 0.00173996352039824 nan nan nan nan nan nan
16297 17.609842486927096 0.025872720294609075 0.08364154387492095 0.0017472048740154414 nan nan nan nan nan nan
19630 17.55774758205554 0.025785583326263704 0.08568319089543133 0.001754089964262124 nan nan nan nan nan nan
23644 17.507604920195035 0.025702509039986866 0.08780173054300798 0.001761119808536651 nan nan nan nan nan nan
28480 17.458060576054272 0.025625989710388687 0.08937319344230897 0.0017674235883390701 nan nan nan nan nan nan
34304 17.409309408653726 0.025550867743916756 0.09122271681166522 0.0017739133643394143 nan nan nan nan nan nan
41320 17.361587113750776 0.025479332665480556 0.09267525354925146 0.001779817291209641 nan nan nan nan nan nan
49770 17.315958064284114 0.025412593687969484 0.09399410112990597 0.0017853529541775933 nan nan nan nan nan nan
59948 17.27269569929049 0.025350687523617695 0.09531466149430018 0.00179067678264401 nan nan nan nan nan nan
72208 17.231041200303547 0.02529267119013902 0.09638191342466088 0.0017957477657727081 nan nan nan nan nan nan
86974 17.191361058868658 0.025239376092259708 0.09745085158251122 0.001800704054084608 nan nan nan nan nan nan
104761 17.153297693437615 0.025189750947348478 0.09844572075630185 0.0018056379247384006 nan nan nan nan nan nan
126185 17.118100941458863 0.02514637346130262 0.0992021019945396 0.0018098609030431682 nan nan nan nan nan nan
151991 17.083472477184994 0.025104103974012523 0.10005794071713216 0.0018140796859810822 nan nan nan nan nan nan
183073 17.052305811410196 0.025068803690120867 0.10063012696178235 0.0018177605749088064 nan nan nan nan nan nan
220513 17.02294411041629 0.025034542805445505 0.10124555616222689 0.0018211926370583515 nan nan nan nan nan nan
265608 16.995202030289832 0.02500369758137795 0.10171703467705791 0.001824313907372473 nan nan nan nan nan nan
319926 16.969229773676645 0.024976262190078893 0.10213409562508355 0.0018273775286731795 nan nan nan nan nan nan
385352 16.945467824831347 0.024950566065572596 0.10264742629600701 0.001830214200393731 nan nan nan nan nan nan
464158 16.922857375075804 0.024928288428948266 0.10289543429477781 0.001832646350072512 nan nan nan nan nan nan
559081 16.902348984969723 0.02490742658934119 0.10325949566479312 0.0018349749509591667 nan nan nan nan nan nan
673415 16.884169456020256 0.024890916285256644 0.10359161141132513 0.0018371710091239254 nan nan nan nan nan nan
811130 16.866579137160677 0.024874590888761778 0.10393471678770311 0.0018392706923754068 nan nan nan nan nan nan
977009 16.850264675312282 0.024859398676952967 0.10408314871281606 0.0018411251969363653 nan nan nan nan nan nan
1176811 16.83543967525324 0.02484629664013071 0.10425677396265376 0.0018429817548002423 nan nan nan nan nan nan
1417474 16.822029688913155 0.024834876323790625 0.10454540358788791 0.0018446693490355658 nan nan nan nan nan nan
1707352 16.809705895074504 0.024824796577423713 0.10468155143477528 0.0018461115473850515 nan nan nan nan nan nan
2056512 16.798504938424152 0.02481603614399714 0.10476521600915185 0.0018473159878431395 nan nan nan nan nan nan
2477076 16.788320229088878 0.024808221500674056 0.10488969892641353 0.001848460149992316 nan nan nan nan nan nan
2983647 16.779058576350135 0.024801492884322165 0.10488264981929143 0.0018494857782956726 nan nan nan nan nan nan
3593813 16.77059339747078 0.024795258448192786 0.10490927499587216 0.0018503866194725218 nan nan nan nan nan nan
4328761 16.76285001912119 0.024789498672748496 0.10500762748201077 0.0018513057750265728 nan nan nan nan nan nan
5214008 16.756030583835884 0.024784659483782986 0.10502498091521374 0.0018520349331180535 nan nan nan nan nan nan
6280291 16.749846862334227 0.024780591663857335 0.10513326841151072 0.0018527700502870984 nan nan nan nan nan nan
7564633 16.744124943226677 0.02477669442712501 0.10516341058032247 0.0018534092759486397 nan nan nan nan nan nan
9111627 16.739191687794253 0.024773522360646727 0.10518422241058226 0.0018539583128076337 nan nan nan nan nan nan
10974987 16.734424669411673 0.024770625480886 0.10525799257131024 0.001854518993607318 nan nan nan nan nan nan
13219411 16.730196020593482 0.024767992565850504 0.1053220641179861 0.001855022939970783 nan nan nan nan nan nan
15922827 16.726312989327255 0.024765546885332997 0.1053165347475216 0.0018554395825810094 nan nan nan nan nan nan
19179102 16.72296165966835 0.024763788506730642 0.10534258022494189 0.0018558193540144875 nan nan nan nan nan nan
23101297 16.719656425223718 0.02476181009599826 0.10534942468617342 0.0018561745869670647 nan nan nan nan nan nan
27825594 16.71684973800859 0.02476025816564854 0.10537209659743237 0.0018564759572236942 nan nan nan nan nan nan
33516026 16.714392260146273 0.024758914766706098 0.10537207807847286 0.0018567188494284662 nan nan nan nan nan nan
40370172 16.71223755488425 0.024757809212809335 0.1053800460033403 0.0018569671969760428 nan nan nan nan nan nan
48626015 16.710256229886994 0.02475672877293799 0.10536303950235787 0.0018571421146000005 nan nan nan nan nan nan
58570208 16.7084968477834 0.024755844675039836 0.105372349197617 0.0018573131409595038 nan nan nan nan nan nan
70548023 16.706984222996535 0.02475510293491331 0.10538296411291045 0.001857483303073878 nan nan nan nan nan nan
84975343 16.70556759932091 0.024754361540823052 0.10539204152177697 0.0018576309956346035 nan nan nan nan nan nan
102353102 16.704278675086503 0.024753630117510004 0.10538895164018 0.0018577552901751504 nan nan nan nan nan nan
123284673 16.703154222968358 0.02475298126379043 0.1053886786454612 0.0018578683968360587 nan nan nan nan nan nan
148496826 16.70217759401742 0.02475251679143608 0.10540735006328458 0.001857974474956982 nan nan nan nan nan nan
178864952 16.701305613194386 0.0247521024399787 0.10542512813633773 0.0018580808503108682 nan nan nan nan nan nan
215443469 16.700484343092224 0.024751698912072802 0.10542862633773464 0.001858150620245973 nan nan nan nan nan nan
259502421 16.699790632860868 0.02475136913800865 0.10543208151039558 0.001858219588701171 nan nan nan nan nan nan
312571584 16.69918434636804 0.024751030401008612 0.10544435546793539 0.0018582874531069367 nan nan nan nan nan nan
376493580 16.6986509066519 0.024750735825200855 0.10544303108840343 0.0018583585169024547 nan nan nan nan nan nan
453487850 16.69817581102419 0.024750495049376778 0.10544590820983606 0.0018584022769409945 nan nan nan nan nan nan
546227721 16.697892877477113 0.024750488209122457 0.10544672193315588 0.0018584342688546791 nan nan nan nan nan nan
657933224 16.69748305372096 0.02475027110043795 0.1054541138828692 0.0018584803264002272 nan nan nan nan nan nan
792482898 16.697141550313674 0.024750066322857228 0.10545626964606884 0.0018585297254679791 nan nan nan nan nan nan
954548456 16.696840707686093 0.024749896817742922 0.10545789284307451 0.0018585630160016073 nan nan nan nan nan nan
1149756995 16.696618643032984 0.024749810539053178 0.10545727001461698 0.0018585818728220126 nan nan nan nan nan nan
1384886371 16.696433308021366 0.024749742136483118 0.10545690431305321 0.0018585987930792496 nan nan nan nan nan nan
1668100537 16.69627801119828 0.024749673077184176 0.1054578340317723 0.0018586130746213233 nan nan nan nan nan nan
2009233002 16.69612028165356 0.024749594506087522 0.10546504339032585 0.0018586357081310817 nan nan nan nan nan nan
2420128264 16.695984548248358 0.02474950453102172 0.10546490281572754 0.001858644947269076 nan nan nan nan nan nan
2915053062 16.695883581355165 0.024749471136776138 0.10546625420339019 0.0018586558473719652 nan nan nan nan nan nan
3511191734 16.695798419913885 0.024749425372322043 0.10546891606110047 0.0018586641825825542 nan nan nan nan nan nan
4229242874 16.69576994796673 0.02474945326723762 0.10546588353672548 0.0018586640834764932 nan nan nan nan nan nan
5094138014 16.69570208740187 0.024749415227897337 0.10545959388957735 0.0018586663979781304 nan nan nan nan nan nan
6135907273 16.695648624521162 0.024749383322470862 0.10546199133739911 0.001858672163504778 nan nan nan nan nan nan
7390722033 16.695606049894963 0.024749362942723063 0.10545970501748941 0.0018586739975346798 nan nan nan nan nan nan
8902150854 16.695563336127087 0.024749340891681345 0.1054588992956527 0.001858677915258744 nan nan nan nan nan nan
10722672220 16.69551258802291 0.02474931884728722 0.10545942152317396 0.0018586828305623313 nan nan nan nan nan nan
12915496650 16.69547348671709 0.024749302673267252 0.10545857793391093 0.0018586864183831665 nan nan nan nan nan nan
15556761439 16.695441538210012 0.02474928525326088 0.10545997394969289 0.0018586909559645246 nan nan nan nan nan nan
18738174228 16.69541722596186 0.02474925760727958 0.1054610280238159 0.001858692646190108 nan nan nan nan nan nan
22570197196 16.695399450912234 0.024749254116923407 0.10545968455456907 0.0018586942785921029 nan nan nan nan nan nan
27185882427 16.69536945921187 0.024749228566474237 0.1054618776522631 0.0018586977507816919 nan nan nan nan nan nan
32745491628 16.695358691512123 0.024749227401898558 0.10546173332913797 0.0018586987703806855 nan nan nan nan nan nan
39442060594 16.695335825144326 0.024749213489104933 0.10546365741724248 0.0018587031529970436 nan nan nan nan nan nan
47508101621 16.695329102007065 0.02474921306518298 0.10546319427133843 0.0018587036165125955 nan nan nan nan nan nan
57223676593 16.69532124513847 0.02474921221467208 0.10546291744768106 0.0018587042644287231 nan nan nan nan nan nan
68926121043 16.6953118178949 0.024749209524048195 0.10546243782083864 0.001858704926722282 nan nan nan nan nan nan
83021756813 16.695305355246848 0.02474920892635571 0.10546243138399095 0.0018587055889788097 nan nan nan nan nan nan
100000000000 16.695301295817178 0.02474920865602094 0.10546301179973053 0.0018587065305763542 nan nan nan nan nan nan
